10000
5000
127 1021 10000
866 3570 10000
7483 7114 10000
7531 139 10000
1646 5986 10000
2073 4584 10000
4491 5828 10000
420 6062 10000
5271 9725 10000
765 519 10000
1020 1096 10000
9821 5753 10000
2783 8975 10000
6005 5385 10000
705 5579 10000
6956 5111 10000
9831 3919 10000
7163 7782 10000
6645 7793 10000
8550 7773 10000
1073 4071 10000
5411 391 10000
9921 4046 10000
1503 1146 10000
4687 168 10000
5329 5857 10000
9492 8969 10000
2426 8304 10000
6365 5898 10000
3324 8141 10000
2672 6690 10000
6664 1932 10000
1798 2379 10000
6388 2749 10000
8906 896 10000
4273 4228 10000
8835 6680 10000
2782 4451 10000
4818 8208 10000
5787 7976 10000
1494 9519 10000
831 3187 10000
1751 7588 10000
7247 5804 10000
3274 4505 10000
5890 4688 10000
4757 1778 10000
1566 930 10000
2122 1797 10000
6467 1593 10000
9678 2836 10000
4272 1814 10000
186 1421 10000
3155 3595 10000
7378 2317 10000
333 6724 10000
9973 777 10000
6757 4837 10000
3323 6715 10000
8800 1685 10000
8996 6485 10000
2677 8694 10000
9675 3450 10000
6806 4494 10000
5951 9310 10000
870 8785 10000
572 6511 10000
3085 5564 10000
6231 1718 10000
1804 5853 10000
529 4700 10000
3603 3939 10000
4143 1245 10000
9717 2342 10000
9910 8746 10000
6371 3624 10000
2928 9090 10000
6475 3855 10000
1190 6402 10000
339 7395 10000
4720 2834 10000
2422 5788 10000
8952 8949 10000
3300 3699 10000
3042 5582 10000
9170 7702 10000
7824 5958 10000
2773 428 10000
2791 7211 10000
7587 9875 10000
8693 3063 10000
8229 4072 10000
2560 9038 10000
6877 1760 10000
7352 2879 10000
8051 8955 10000
4579 3034 10000
7601 3037 10000
2098 9932 10000
6503 3547 10000
9051 8116 10000
802 564 10000
1903 9666 10000
1542 578 10000
8361 3206 10000
3754 7817 10000
3277 5878 10000
5544 9142 10000
7320 2940 10000
4473 7145 10000
5037 3573 10000
8912 9960 10000
4337 2291 10000
9581 9685 10000
6746 7123 10000
7341 7169 10000
4371 3627 10000
7660 3715 10000
478 5267 10000
8964 1843 10000
4655 990 10000
6043 5248 10000
1397 9639 10000
2935 4032 10000
8898 584 10000
6478 4251 10000
8986 8439 10000
5121 4056 10000
3825 7217 10000
4824 2133 10000
6302 291 10000
1107 8057 10000
4153 537 10000
9815 5201 10000
5766 4878 10000
991 1409 10000
7858 1287 10000
6280 6557 10000
8971 9256 10000
1742 6540 10000
6360 6946 10000
7580 4356 10000
7359 7096 10000
9933 6925 10000
5651 4130 10000
7140 1481 10000
9204 8257 10000
4185 9283 10000
2278 3441 10000
385 9412 10000
5412 987 10000
1879 8732 10000
4523 6207 10000
5624 3093 10000
5327 9067 10000
3957 85 10000
7714 4227 10000
266 722 10000
7085 235 10000
2880 88 10000
8536 521 10000
8991 9901 10000
553 5323 10000
4845 466 10000
4200 2828 10000
3363 2835 10000
6294 4028 10000
2182 1992 10000
4187 867 10000
6183 1458 10000
6558 4043 10000
6036 8890 10000
6689 4265 10000
7569 9116 10000
16 8773 10000
7676 5560 10000
6215 3407 10000
4081 5070 10000
4203 4979 10000
7168 29 10000
6377 6415 10000
7693 1676 10000
7111 7182 10000
4997 8413 10000
786 9571 10000
7227 6565 10000
8420 2919 10000
9595 4166 10000
9270 3266 10000
1752 9321 10000
784 2068 10000
6029 721 10000
8235 2665 10000
2853 5689 10000
7104 6041 10000
9737 6572 10000
3478 2403 10000
439 6454 10000
216 8525 10000
4615 3201 10000
574 6086 10000
1056 5906 10000
7423 5642 10000
8096 1627 10000
6734 7637 10000
9923 6536 10000
4712 8809 10000
7052 6137 10000
5722 8145 10000
9927 1231 10000
1465 1526 10000
807 7459 10000
4693 5054 10000
5280 8530 10000
9078 7704 10000
1081 7152 10000
5662 221 10000
8315 2725 10000
3704 5663 10000
8368 9166 10000
1983 3980 10000
5068 8281 10000
272 492 10000
45 2383 10000
4665 7373 10000
2908 1309 10000
7887 1951 10000
9071 8586 10000
2250 7863 10000
8672 7083 10000
3755 359 10000
5298 5256 10000
2741 3602 10000
5874 5143 10000
441 8346 10000
3732 927 10000
1564 4984 10000
3319 8120 10000
6639 562 10000
9646 8578 10000
5534 4925 10000
1044 6656 10000
9475 7473 10000
7579 4360 10000
133 9187 10000
356 5078 10000
2676 3515 10000
4310 100 10000
4959 9022 10000
7135 1110 10000
9338 3285 10000
251 1388 10000
132 4393 10000
8149 7014 10000
3610 9370 10000
3956 5069 10000
6759 1720 10000
2806 940 10000
6246 4759 10000
70 2343 10000
5064 9219 10000
4083 6115 10000
6025 2041 10000
7 9253 10000
5058 8014 10000
6085 315 10000
5332 9563 10000
8556 5718 10000
5638 2683 10000
2321 3562 10000
9835 3783 10000
8463 6422 10000
3476 3500 10000
6719 9477 10000
5942 7080 10000
2235 3777 10000
9050 3334 10000
7150 1343 10000
2202 3079 10000
4565 8459 10000
9399 1875 10000
8562 335 10000
4701 1030 10000
2512 8516 10000
7477 1505 10000
8278 8296 10000
2974 3753 10000
114 8477 10000
8104 6173 10000
4377 8668 10000
2055 1209 10000
1643 6560 10000
2375 9083 10000
1066 2824 10000
674 8665 10000
5868 9819 10000
6964 710 10000
6799 3534 10000
1819 4334 10000
9436 5229 10000
7417 2785 10000
6768 3733 10000
3452 5527 10000
2731 1082 10000
6172 5283 10000
1389 8081 10000
6287 593 10000
7447 9802 10000
8429 9708 10000
3673 4588 10000
125 1015 10000
6166 9023 10000
5036 9231 10000
3824 7060 10000
6395 417 10000
4625 2793 10000
4727 9916 10000
9542 8635 10000
8888 1537 10000
7307 4582 10000
495 9508 10000
9141 4499 10000
7367 629 10000
7364 8089 10000
6919 1150 10000
1017 7996 10000
9621 5608 10000
5734 8200 10000
8640 5287 10000
9334 43 10000
2247 2960 10000
813 8469 10000
2414 8808 10000
6741 6064 10000
605 4115 10000
3679 5731 10000
6465 2330 10000
6617 432 10000
4471 1255 10000
274 3626 10000
1694 7717 10000
3744 8431 10000
7720 1043 10000
9669 2709 10000
8929 5215 10000
483 8445 10000
6632 7868 10000
691 9866 10000
2142 8671 10000
3915 501 10000
28 5234 10000
2394 7290 10000
5996 7302 10000
4469 7583 10000
6095 4399 10000
7219 9454 10000
6149 4445 10000
6236 8897 10000
7779 5779 10000
3669 4400 10000
9188 9828 10000
5848 913 10000
2324 6443 10000
9914 7300 10000
7064 1738 10000
5966 5253 10000
5388 6529 10000
9252 769 10000
4939 2421 10000
3598 2417 10000
62 5805 10000
627 7613 10000
7265 2363 10000
5744 3003 10000
2107 9999 10000
5151 2225 10000
5990 3615 10000
1698 3653 10000
9355 5171 10000
9513 9198 10000
6273 3660 10000
8780 9013 10000
7138 1610 10000
5908 4073 10000
4909 4635 10000
1022 3195 10000
9517 9608 10000
8510 6002 10000
9634 7577 10000
1550 1418 10000
2493 8403 10000
8737 6238 10000
2605 816 10000
3343 8950 10000
3518 5369 10000
1436 857 10000
2983 8378 10000
7552 2034 10000
9521 8832 10000
6358 1194 10000
3327 5696 10000
7690 5915 10000
9904 5062 10000
6548 2217 10000
2616 2494 10000
9086 8852 10000
3910 1100 10000
4578 1913 10000
8433 3134 10000
8538 7955 10000
1375 4699 10000
6811 5702 10000
2164 9250 10000
8720 4480 10000
7561 9704 10000
4982 583 10000
3625 4962 10000
8417 4661 10000
2897 2760 10000
8632 1585 10000
7608 3496 10000
1724 4366 10000
237 5211 10000
993 1473 10000
9273 5016 10000
3448 2062 10000
1014 2528 10000
5563 2296 10000
659 4442 10000
4419 2985 10000
7945 2681 10000
4050 6119 10000
6782 6270 10000
5551 3199 10000
3940 4875 10000
5103 6468 10000
7166 6994 10000
7563 6626 10000
3035 3600 10000
4743 7767 10000
419 5299 10000
2396 5546 10000
5453 306 10000
6141 3394 10000
6629 5409 10000
271 4741 10000
8619 9243 10000
6568 3117 10000
6257 6827 10000
4952 6552 10000
6717 1747 10000
147 395 10000
8938 1283 10000
1004 9113 10000
9423 7252 10000
7679 6384 10000
6524 2449 10000
9585 1350 10000
8883 9673 10000
8524 5981 10000
5014 7700 10000
8509 8543 10000
7789 7175 10000
2673 5529 10000
9465 6920 10000
5581 3374 10000
5578 3697 10000
4111 5001 10000
6474 8666 10000
3322 7657 10000
2039 6610 10000
1578 4865 10000
146 8500 10000
9246 5952 10000
5021 381 10000
4978 6061 10000
2457 4150 10000
7105 4926 10000
8922 2458 10000
1531 2927 10000
1425 7994 10000
2522 846 10000
5603 9484 10000
4302 541 10000
884 6182 10000
4758 6031 10000
223 8204 10000
1839 7434 10000
2459 6729 10000
1592 624 10000
26 1355 10000
3933 33 10000
4041 9887 10000
2293 6709 10000
5413 1119 10000
160 728 10000
7147 6926 10000
9781 4259 10000
3916 9623 10000
2802 9502 10000
9092 5075 10000
6883 8844 10000
3878 7356 10000
8407 1479 10000
4788 4055 10000
6519 480 10000
2889 9556 10000
5438 9449 10000
4238 8213 10000
4086 6872 10000
8563 8787 10000
138 188 10000
9902 7030 10000
833 8197 10000
5386 2361 10000
6969 1914 10000
9345 9501 10000
7414 6334 10000
1965 8054 10000
8764 2975 10000
3644 6849 10000
4831 6555 10000
445 8984 10000
1338 9120 10000
5899 4806 10000
5725 7885 10000
9048 3092 10000
8676 8247 10000
791 567 10000
5840 4418 10000
2219 4906 10000
1590 5823 10000
1571 5050 10000
5255 8511 10000
9418 8450 10000
3814 3097 10000
8466 5432 10000
3689 8009 10000
4336 9367 10000
7632 8380 10000
4542 2263 10000
2393 6544 10000
7803 15 10000
7557 8430 10000
9658 6340 10000
8521 3852 10000
1770 8352 10000
4199 1297 10000
4019 5389 10000
7154 6987 10000
8338 7176 10000
8589 8394 10000
2320 5895 10000
4998 9287 10000
4045 7882 10000
1827 7253 10000
7250 2748 10000
4913 258 10000
9549 9853 10000
7443 839 10000
8283 2674 10000
7065 9163 10000
4446 3695 10000
8533 4213 10000
8727 3629 10000
7966 3224 10000
6762 1638 10000
5451 9570 10000
3495 3769 10000
5264 3762 10000
2233 4991 10000
3851 3151 10000
7560 4833 10000
4112 7503 10000
6927 8032 10000
3391 8443 10000
9408 7585 10000
8774 4404 10000
1289 7132 10000
876 6721 10000
8286 1278 10000
8055 6551 10000
3067 9650 10000
3597 9129 10000
2482 5322 10000
5859 2264 10000
7266 6500 10000
6456 8750 10000
527 2600 10000
5350 2395 10000
2391 6489 10000
194 1076 10000
5633 1497 10000
3752 3958 10000
5 7396 10000
7055 856 10000
1251 9352 10000
1991 3223 10000
9130 1009 10000
7906 8142 10000
8231 5747 10000
6911 8039 10000
2788 1496 10000
4345 6168 10000
9598 6613 10000
2487 3183 10000
7202 6678 10000
4157 183 10000
9971 3588 10000
9122 2925 10000
7050 9941 10000
7989 2040 10000
1830 1326 10000
1275 1645 10000
758 6379 10000
3831 2244 10000
1135 3751 10000
6274 1299 10000
767 4761 10000
3124 6074 10000
8569 3811 10000
4492 5684 10000
9096 3849 10000
9339 8846 10000
8856 2992 10000
2648 1650 10000
1847 6324 10000
2916 3150 10000
1029 3893 10000
2708 6857 10000
4245 2130 10000
8791 2353 10000
2405 7406 10000
6797 4526 10000
8839 9422 10000
8696 9773 10000
397 834 10000
341 4139 10000
1478 6641 10000
9780 4457 10000
2300 9045 10000
871 7725 10000
623 9978 10000
7257 9357 10000
4439 602 10000
9353 3737 10000
2584 3111 10000
4236 3505 10000
9829 4438 10000
6876 204 10000
3517 528 10000
1002 4706 10000
7791 5803 10000
2316 5953 10000
7737 4520 10000
4330 5639 10000
1525 2510 10000
2609 1850 10000
6073 6319 10000
9740 4938 10000
8385 338 10000
3073 5052 10000
8020 6986 10000
9541 8199 10000
363 8367 10000
645 6378 10000
6606 4107 10000
2305 948 10000
3443 8680 10000
5306 8099 10000
7909 9684 10000
1058 6242 10000
4791 2452 10000
9121 8175 10000
7762 80 10000
4068 9002 10000
4190 4255 10000
4893 3880 10000
7401 4295 10000
7116 1581 10000
4460 465 10000
3186 4486 10000
3312 6413 10000
3456 6569 10000
9825 3845 10000
5378 1176 10000
3729 5085 10000
9300 5006 10000
1288 7939 10000
2714 8980 10000
7405 1940 10000
3351 6743 10000
6255 1437 10000
7872 8918 10000
7684 6747 10000
6992 3173 10000
4424 3030 10000
3164 9955 10000
9694 4057 10000
8520 4398 10000
6948 5041 10000
1580 3017 10000
9587 9511 10000
9079 7971 10000
1811 1837 10000
416 4606 10000
9358 5717 10000
4581 9594 10000
4669 278 10000
6523 7046 10000
4550 6437 10000
3962 7970 10000
518 1663 10000
5338 4572 10000
3974 3336 10000
7054 2109 10000
1268 8312 10000
8872 5341 10000
6028 4682 10000
4764 8519 10000
9726 3044 10000
5485 3347 10000
3305 9789 10000
7487 4124 10000
3418 6638 10000
5005 1984 10000
1062 4353 10000
5762 4094 10000
72 7246 10000
7933 8302 10000
6808 8139 10000
8457 3434 10000
6959 806 10000
1957 1755 10000
5834 1997 10000
56 9676 10000
1420 7371 10000
9081 1890 10000
5258 9847 10000
1689 6198 10000
1795 2466 10000
3413 4329 10000
5944 2007 10000
8927 3682 10000
1769 4017 10000
8876 2720 10000
7981 3268 10000
7326 935 10000
1318 6212 10000
8275 9154 10000
450 4942 10000
7273 4407 10000
1672 3804 10000
6847 889 10000
9362 2312 10000
3230 9544 10000
5713 1937 10000
3113 6804 10000
1356 6653 10000
1093 3549 10000
7680 5472 10000
3799 7429 10000
2125 4363 10000
2684 1855 10000
2809 8357 10000
31 4229 10000
1083 3553 10000
7670 3240 10000
3462 4175 10000
4186 1499 10000
2213 9168 10000
2955 8255 10000
9800 8611 10000
5490 2659 10000
9506 4961 10000
8624 7995 10000
8583 8224 10000
7555 4750 10000
5272 6066 10000
2025 3130 10000
210 7962 10000
3922 6893 10000
4781 3484 10000
6012 2547 10000
3461 5760 10000
3809 8372 10000
9233 6785 10000
6353 4352 10000
3202 1406 10000
6101 1859 10000
5631 7027 10000
5618 898 10000
8958 9153 10000
265 7412 10000
5423 2505 10000
3725 9346 10000
9111 2711 10000
4795 6291 10000
5646 6636 10000
8528 5430 10000
5150 4631 10000
1923 309 10000
824 8047 10000
8270 9837 10000
733 7184 10000
1686 4016 10000
9654 3908 10000
8058 5841 10000
9744 1050 10000
1148 6313 10000
8458 4583 10000
6440 2451 10000
199 7959 10000
8205 2057 10000
2581 6122 10000
6657 7426 10000
5919 7212 10000
2143 795 10000
2863 8424 10000
2060 6887 10000
4823 1656 10000
6826 7722 10000
7672 5979 10000
4058 2228 10000
9139 3779 10000
4798 2189 10000
1852 4001 10000
486 1793 10000
5980 2474 10000
5897 3264 10000
86 8253 10000
9016 3247 10000
6361 6654 10000
8028 2490 10000
2803 7457 10000
6674 476 10000
9604 7847 10000
7620 9940 10000
6161 2211 10000
9839 2523 10000
8267 3765 10000
4208 4291 10000
9683 1870 10000
99 5585 10000
8575 4860 10000
3521 1979 10000
7475 5477 10000
3888 3137 10000
984 6535 10000
7877 6781 10000
9846 2862 10000
1731 8133 10000
3865 8784 10000
7025 6263 10000
9260 19 10000
1519 9624 10000
5634 81 10000
6789 7117 10000
5330 6421 10000
3596 1799 10000
9196 1791 10000
3619 5237 10000
7965 6090 10000
5207 9919 10000
1928 9994 10000
8646 4231 10000
7391 6014 10000
8292 9804 10000
3084 3764 10000
7840 7820 10000
514 3819 10000
3458 1282 10000
4497 8426 10000
1546 5661 10000
2541 4312 10000
2070 7024 10000
4270 7857 10000
4694 7775 10000
5439 3550 10000
1934 3691 10000
7258 1733 10000
3768 8904 10000
7037 36 10000
2092 4539 10000
6913 3396 10000
177 3205 10000
5821 178 10000
4483 3371 10000
9110 3120 10000
4201 9642 10000
2943 2082 10000
4088 8506 10000
4726 2844 10000
9361 679 10000
1034 5394 10000
2884 9736 10000
2399 1201 10000
2814 491 10000
4397 9938 10000
2888 4183 10000
4754 1517 10000
4165 3665 10000
1133 8703 10000
4512 6193 10000
7724 67 10000
1557 6985 10000
4963 3091 10000
3684 248 10000
6190 2329 10000
8498 1771 10000
8488 7139 10000
1417 2450 10000
6704 3557 10000
9443 7028 10000
9712 5152 10000
7126 3369 10000
3838 9363 10000
2242 4685 10000
2524 3796 10000
6973 6790 10000
9959 8957 10000
7841 7425 10000
8202 4598 10000
2638 3836 10000
5132 9286 10000
7575 2752 10000
5506 4689 10000
4530 4595 10000
7542 8781 10000
7833 9842 10000
1641 7899 10000
3735 5144 10000
3979 9786 10000
2207 2231 10000
5002 6097 10000
6585 8806 10000
1706 6539 10000
9445 1324 10000
2265 6317 10000
9873 3879 10000
581 5011 10000
9731 6907 10000
4605 4093 10000
9870 7747 10000
4191 1298 10000
4048 7653 10000
3420 8038 10000
8495 9920 10000
294 5781 10000
6055 982 10000
703 3385 10000
9761 6321 10000
3000 2288 10000
6459 7661 10000
6368 1841 10000
4297 3419 10000
1398 2872 10000
6048 5673 10000
8344 2196 10000
1175 2028 10000
9534 6870 10000
1523 2815 10000
9144 2886 10000
6749 6833 10000
5619 6394 10000
6301 2542 10000
5208 136 10000
5039 9341 10000
8359 7113 10000
5184 9192 10000
1294 7813 10000
3536 6292 10000
1263 5137 10000
4553 3680 10000
1067 4470 10000
6609 7409 10000
6633 1748 10000
969 4174 10000
4950 9342 10000
3638 1147 10000
9107 5083 10000
2367 2043 10000
885 365 10000
485 4091 10000
3257 1775 10000
684 4421 10000
3574 9494 10000
4733 5786 10000
1822 3332 10000
3253 9062 10000
42 6924 10000
5247 4430 10000
3301 1986 10000
3766 8138 10000
3616 1677 10000
9210 4971 10000
7716 2566 10000
5334 372 10000
3480 20 10000
5643 7508 10000
4756 789 10000
776 244 10000
289 5474 10000
6562 153 10000
2585 4293 10000
6281 2338 10000
7094 601 10000
2990 6271 10000
6223 452 10000
3952 766 10000
7208 5886 10000
3320 2921 10000
8043 5985 10000
2848 279 10000
6999 386 10000
9425 6389 10000
608 8127 10000
7193 8322 10000
3498 8173 10000
7335 1828 10000
7306 164 10000
140 1670 10000
451 6707 10000
7514 1296 10000
4216 3216 10000
1625 5586 10000
3830 1221 10000
4342 2595 10000
5727 2724 10000
3308 6420 10000
1208 9886 10000
7019 9961 10000
6817 5205 10000
5793 7435 10000
7292 7884 10000
5764 7934 10000
1967 1047 10000
6628 8992 10000
6318 6791 10000
4848 1051 10000
4898 3576 10000
5419 5800 10000
9953 3559 10000
7063 4954 10000
1652 946 10000
9806 6038 10000
181 613 10000
276 8280 10000
7770 5531 10000
8412 1106 10000
988 5810 10000
530 5697 10000
1740 8390 10000
916 7728 10000
9105 9657 10000
556 8316 10000
5320 7295 10000
7186 3609 10000
5009 4549 10000
4538 3005 10000
2484 4618 10000
8036 9823 10000
4506 9944 10000
5625 9085 10000
7299 1207 10000
327 2386 10000
9441 5714 10000
7611 981 10000
5620 3703 10000
8393 4000 10000
1052 6716 10000
6873 7835 10000
6518 3702 10000
8853 9258 10000
9099 9500 10000
4450 2902 10000
2416 3465 10000
7982 6905 10000
6250 3745 10000
9606 2045 10000
2968 7781 10000
402 1281 10000
6266 4697 10000
6835 4224 10000
2890 9592 10000
797 7768 10000
457 2370 10000
6774 7267 10000
3445 980 10000
6138 2335 10000
5146 5994 10000
2346 1906 10000
6542 1413 10000
2373 2703 10000
1142 5601 10000
247 129 10000
3785 2671 10000
552 5712 10000
7130 3399 10000
890 6244 10000
3866 5072 10000
7165 4674 10000
7960 678 10000
6933 6128 10000
8269 7517 10000
3907 9643 10000
4643 4365 10000
1434 9384 10000
6866 4783 10000
6874 7843 10000
8626 8903 10000
6566 7622 10000
5086 1346 10000
3403 7369 10000
6745 8013 10000
1885 5497 10000
4716 9069 10000
7091 9314 10000
7859 4983 10000
6382 154 10000
9366 3269 10000
3180 468 10000
5427 2904 10000
1801 7745 10000
4179 603 10000
295 5768 10000
7703 1218 10000
1936 7547 10000
1993 2326 10000
2475 5076 10000
4769 8771 10000
8582 2903 10000
4011 2877 10000
430 6450 10000
2005 9054 10000
3241 6283 10000
3857 6736 10000
2590 6158 10000
9701 8610 10000
5088 7926 10000
7832 636 10000
5811 6564 10000
2649 729 10000
5449 8571 10000
6251 8143 10000
6897 1412 10000
7804 1016 10000
353 9348 10000
8605 5307 10000
8102 3439 10000
8638 1939 10000
4125 6226 10000
9937 8025 10000
4388 9942 10000
6710 1349 10000
4568 5997 10000
9371 2763 10000
1803 5311 10000
6104 5222 10000
7278 4634 10000
6937 40 10000
7640 105 10000
5652 3426 10000
5964 669 10000
9000 5383 10000
8931 7393 10000
3942 4361 10000
1139 8616 10000
4847 9262 10000
23 8233 10000
845 3397 10000
3362 8301 10000
1416 1092 10000
5102 4452 10000
8936 9852 10000
369 3280 10000
6800 8829 10000
5916 3081 10000
3726 4006 10000
471 4856 10000
2841 7794 10000
2152 9329 10000
6646 435 10000
8581 1442 10000
6037 7814 10000
3634 3094 10000
6980 7390 10000
6323 6851 10000
3770 3036 10000
4405 9160 10000
5381 4244 10000
22 8625 10000
4132 7777 10000
5629 5167 10000
7198 7545 10000
8178 1011 10000
8387 8261 10000
3423 7424 10000
8006 8934 10000
6027 1357 10000
4855 3239 10000
2232 8383 10000
9200 8954 10000
192 193 10000
879 5818 10000
8721 6189 10000
3479 7321 10000
6677 5568 10000
644 6960 10000
5441 8789 10000
96 490 10000
8136 7998 10000
3214 4885 10000
1377 1534 10000
288 3400 10000
8111 2279 10000
805 1068 10000
6288 4877 10000
6050 6935 10000
3135 1399 10000
7844 1712 10000
6328 8093 10000
9413 1780 10000
259 267 10000
9406 2704 10000
4196 9607 10000
2186 3089 10000
670 1429 10000
2159 3969 10000
2929 4888 10000
2550 8623 10000
2852 1395 10000
3375 9259 10000
3592 7582 10000
3902 6801 10000
4217 4511 10000
2597 6464 10000
4472 8570 10000
2667 7438 10000
3780 676 10000
4730 260 10000
4202 597 10000
6590 1635 10000
2448 8228 10000
8534 1223 10000
6649 1743 10000
3379 8185 10000
5496 499 10000
1714 6145 10000
2855 1589 10000
6460 3674 10000
974 1353 10000
8664 9157 10000
4853 7783 10000
8767 1493 10000
1933 8981 10000
2776 137 10000
4948 881 10000
4969 9230 10000
7411 1214 10000
1644 7262 10000
8354 1216 10000
1075 9523 10000
6418 3229 10000
1889 6345 10000
7713 8044 10000
550 6156 10000
814 7213 10000
1295 5126 10000
1301 2544 10000
7543 7919 10000
5435 1598 10000
8103 1104 10000
8708 7469 10000
4867 2619 10000
8497 228 10000
6972 312 10000
5960 903 10000
5976 2099 10000
2664 6844 10000
2812 5599 10000
4102 8724 10000
2700 9620 10000
3303 8796 10000
197 3705 10000
3488 7068 10000
9945 9289 10000
704 1502 10000
5530 5305 10000
9089 1490 10000
6230 9288 10000
8422 522 10000
7753 1716 10000
8396 9680 10000
8988 2503 10000
1630 9602 10000
4683 5839 10000
8400 4298 10000
1196 4767 10000
7386 9520 10000
254 6758 10000
1726 5704 10000
5909 8968 10000
7329 9296 10000
5745 8063 10000
1900 8655 10000
9785 841 10000
819 5260 10000
5683 63 10000
7756 4013 10000
9215 4649 10000
6530 255 10000
5547 7719 10000
3148 8225 10000
342 1989 10000
4859 2286 10000
4343 9337 10000
3318 2736 10000
7087 732 10000
3524 7664 10000
8552 1189 10000
9036 5691 10000
2520 517 10000
2310 9522 10000
5082 1530 10000
1039 4290 10000
5751 2531 10000
1327 5974 10000
4340 8877 10000
7741 9692 10000
1668 6769 10000
3721 6203 10000
1026 8240 10000
5391 1945 10000
4744 6471 10000
6945 2946 10000
1972 1354 10000
1111 9715 10000
3353 932 10000
5119 1806 10000
9123 1596 10000
1584 249 10000
2981 2168 10000
5138 4980 10000
7225 949 10000
4171 2344 10000
8198 2368 10000
9461 8692 10000
5771 4415 10000
2323 9985 10000
4036 6056 10000
4789 1662 10000
9483 8100 10000
3299 384 10000
8734 7109 10000
9224 3437 10000
4710 3694 10000
1122 9925 10000
922 4420 10000
7811 7540 10000
8827 2408 10000
10 7377 10000
4620 3075 10000
7544 9863 10000
6840 711 10000
7200 5113 10000
5117 4985 10000
4987 648 10000
8195 8946 10000
9242 1707 10000
8821 5708 10000
6018 5645 10000
632 8684 10000
6330 6411 10000
4396 1896 10000
4808 1138 10000
320 8209 10000
6502 3444 10000
4943 7631 10000
1336 1300 10000
8713 173 10000
3115 3384 10000
3658 2784 10000
2675 2259 10000
3613 5970 10000
6583 3552 10000
2258 4793 10000
8518 5376 10000
7012 6958 10000
9808 4215 10000
4626 9976 10000
877 520 10000
4304 4639 10000
8641 5796 10000
8843 145 10000
793 61 10000
7721 3255 10000
3019 565 10000
3156 2124 10000
8919 5339 10000
4411 9380 10000
6858 4940 10000
4192 9525 10000
800 8779 10000
9268 3225 10000
6761 2558 10000
5910 3338 10000
5575 116 10000
6479 9625 10000
4692 3637 10000
7780 172 10000
6995 2206 10000
6624 5824 10000
1982 6865 10000
7181 161 10000
6810 8967 10000
631 3473 10000
2175 1313 10000
9305 5043 10000
8107 6342 10000
6348 9553 10000
9977 5536 10000
9271 1279 10000
6227 4768 10000
563 4004 10000
2914 8862 10000
6838 1692 10000
1183 3208 10000
8029 4261 10000
8885 8114 10000
2750 4066 10000
9124 6427 10000
3314 4873 10000
1445 894 10000
5216 3863 10000
7532 9986 10000
8085 1621 10000
7494 5425 10000
1678 5635 10000
2755 103 10000
6261 3885 10000
1978 8997 10000
1673 1624 10000
5475 5867 10000
2670 1060 10000
3469 7191 10000
7325 1705 10000
51 317 10000
8148 1046 10000
3707 8218 10000
5408 2715 10000
6996 512 10000
7666 7214 10000
6035 5969 10000
9431 6915 10000
2205 201 10000
9984 9137 10000
6713 878 10000
2069 461 10000
1364 5093 10000
2374 6397 10000
4051 534 10000
6508 3920 10000
390 8187 10000
8793 8485 10000
7851 6260 10000
8349 5109 10000
7370 7904 10000
3586 8441 10000
4532 7993 10000
2114 5342 10000
970 6009 10000
9236 9053 10000
7340 7958 10000
9404 5998 10000
3258 8867 10000
8859 3896 10000
7086 2139 10000
6796 3590 10000
4358 8227 10000
9560 9080 10000
6410 7149 10000
4531 568 10000
7056 4311 10000
6588 8836 10000
6188 2204 10000
3348 7819 10000
7237 431 10000
7210 9232 10000
9792 5007 10000
7864 4910 10000
1582 7571 10000
2027 1457 10000
610 7797 10000
2911 324 10000
953 4593 10000
2171 4164 10000
7614 4195 10000
4780 3203 10000
1607 6155 10000
3422 3431 10000
6449 5537 10000
6438 7021 10000
7067 6711 10000
7251 8763 10000
3556 2042 10000
4247 7319 10000
3252 5067 10000
298 8082 10000
7309 1006 10000
4691 9765 10000
5954 4597 10000
3497 4686 10000
1424 5343 10000
2962 4316 10000
1415 1365 10000
8895 3928 10000
8924 1001 10000
3237 934 10000
658 3162 10000
8945 3234 10000
2173 4380 10000
1514 4717 10000
8868 8913 10000
6284 8544 10000
5912 9147 10000
9415 9995 10000
3587 1958 10000
5281 579 10000
8465 8079 10000
9661 3368 10000
838 5553 10000
4884 4137 10000
9965 8726 10000
8427 1249 10000
2476 3540 10000
5567 370 10000
5655 7242 10000
757 7303 10000
5434 5883 10000
3835 6431 10000
3380 5291 10000
3401 5099 10000
6802 5032 10000
8121 7911 10000
8688 2178 10000
7318 2516 10000
4355 3909 10000
4037 4269 10000
5049 5711 10000
5223 9402 10000
9864 3734 10000
1509 4785 10000
8948 6106 10000
46 2941 10000
1768 148 10000
2932 6039 10000
5468 8395 10000
6550 9308 10000
8546 2819 10000
2937 7929 10000
8617 6496 10000
4092 4477 10000
8217 6067 10000
858 7643 10000
8381 2117 10000
7748 2072 10000
8508 5884 10000
835 8865 10000
6107 5377 10000
498 4864 10000
4931 8000 10000
6308 6495 10000
5285 7562 10000
8667 929 10000
7946 5798 10000
9043 4412 10000
5057 6356 10000
4843 5197 10000
1774 5792 10000
8790 4206 10000
2420 8923 10000
3709 9568 10000
4403 4970 10000
4569 8243 10000
6830 1659 10000
3844 2089 10000
1762 2678 10000
1184 8223 10000
8496 5963 10000
551 4089 10000
336 2977 10000
4406 9158 10000
5098 4735 10000
9497 6069 10000
489 1426 10000
7462 7769 10000
5356 5225 10000
5495 2132 10000
4894 4364 10000
361 3181 10000
6760 7015 10000
971 9057 10000
2019 2398 10000
9383 6934 10000
8350 1461 10000
2861 5219 10000
5574 163 10000
6337 7663 10000
6541 1772 10000
5843 2249 10000
3546 3221 10000
727 8332 10000
7119 8272 10000
9573 999 10000
159 5540 10000
1270 8637 10000
7314 3194 10000
9241 4101 10000
4965 5605 10000
2287 6930 10000
7122 3140 10000
6087 6975 10000
4500 3270 10000
3014 7311 10000
8442 1604 10000
2446 3759 10000
8123 5401 10000
3470 2434 10000
8517 4172 10000
808 9072 10000
4070 9203 10000
7495 3231 10000
4463 1909 10000
3292 8251 10000
9583 4468 10000
3361 2808 10000
9728 1882 10000
4454 4644 10000
9169 2020 10000
6989 8140 10000
3696 4274 10000
1262 3522 10000
7172 6247 10000
8456 8326 10000
4181 9102 10000
2053 2436 10000
5614 4552 10000
5242 8222 10000
1 8995 10000
8598 7263 10000
5686 7333 10000
8320 3545 10000
1232 1765 10000
4162 9304 10000
7520 7471 10000
1031 3803 10000
4907 6984 10000
1563 3748 10000
6307 2742 10000
3608 9414 10000
5501 8815 10000
9833 577 10000
4628 3341 10000
5033 3475 10000
1872 1267 10000
12 2614 10000
3294 4373 10000
2328 1538 10000
8740 281 10000
9323 9327 10000
3877 7694 10000
2390 6335 10000
7160 1492 10000
1385 7245 10000
3152 2013 10000
7553 3642 10000
4718 6228 10000
4563 8716 10000
3667 5393 10000
5118 7013 10000
2110 8472 10000
4333 2008 10000
4696 8797 10000
7389 5977 10000
3981 444 10000
2223 2883 10000
5573 1247 10000
3128 8285 10000
2987 1628 10000
9452 573 10000
947 9732 10000
4292 39 10000
383 9082 10000
9975 4599 10000
8801 713 10000
7795 1071 10000
1477 6414 10000
2627 6473 10000
998 9315 10000
9600 6902 10000
1552 1511 10000
1846 460 10000
9442 8266 10000
462 1910 10000
3955 5941 10000
1125 7987 10000
4543 8075 10000
8830 5600 10000
5355 5774 10000
7850 6383 10000
7124 8513 10000
6297 2849 10000
4861 3235 10000
6127 5820 10000
6822 1730 10000
3132 5522 10000
2922 5122 10000
7291 8889 10000
8402 2847 10000
4527 7510 10000
4787 3002 10000
5239 2996 10000
6725 6686 10000
6078 6488 10000
6178 90 10000
719 9632 10000
4301 6786 10000
9220 5240 10000
5511 7234 10000
5510 5273 10000
7173 8343 10000
3432 9948 10000
4263 4078 10000
6978 4444 10000
6513 2739 10000
9518 2521 10000
1788 7238 10000
8555 5352 10000
481 1250 10000
1489 1888 10000
4587 2745 10000
7059 4770 10000
1792 921 10000
570 7445 10000
8482 6714 10000
6134 743 10000
2939 92 10000
844 3900 10000
5561 8648 10000
2253 8972 10000
6211 6941 10000
9503 9703 10000
6859 2131 10000
4736 7315 10000
7659 8802 10000
2201 9988 10000
5107 4934 10000
8011 4149 10000
5203 8090 10000
8541 7822 10000
1224 2126 10000
7460 4077 10000
6455 3506 10000
2413 1157 10000
5092 905 10000
5191 5882 10000
8875 2663 10000
2294 7758 10000
4496 7974 10000
9421 973 10000
9818 4825 10000
979 2798 10000
455 9429 10000
4278 6151 10000
4905 1671 10000
8654 2794 10000
3560 1944 10000
350 6990 10000
4120 217 10000
3996 5703 10000
6936 5251 10000
2477 380 10000
6853 1439 10000
5193 6079 10000
5879 4964 10000
7470 5164 10000
3316 8814 10000
2995 7084 10000
7189 2203 10000
7090 4800 10000
189 3963 10000
4339 91 10000
1042 3381 10000
2951 7947 10000
888 9597 10000
6497 3454 10000
4044 5233 10000
3973 774 10000
2428 2631 10000
9010 1891 10000
5454 3551 10000
7616 5609 10000
195 9713 10000
77 8956 10000
6658 3529 10000
9982 9969 10000
9861 6841 10000
7715 5558 10000
211 7662 10000
230 2277 10000
1450 4254 10000
6635 2066 10000
9040 8937 10000
446 5276 10000
3870 4354 10000
8861 4054 10000
7928 8164 10000
6136 5814 10000
9234 868 10000
6886 7734 10000
3676 8642 10000
4029 5106 10000
5815 9733 10000
5846 1169 10000
2656 3923 10000
6922 3782 10000
1528 6181 10000
4838 1545 10000
7518 2222 10000
2460 8166 10000
5061 6952 10000
700 6347 10000
409 1970 10000
6125 9237 10000
3275 2360 10000
9596 8614 10000
7164 9848 10000
6375 6682 10000
3648 3978 10000
7512 6024 10000
507 3131 10000
1674 59 10000
269 6217 10000
7115 2179 10000
3862 823 10000
2930 4226 10000
1728 2896 10000
1212 7674 10000
7005 7093 10000
5654 638 10000
6966 5028 10000
2920 360 10000
2747 6105 10000
3227 8777 10000
1842 8747 10000
1431 5930 10000
5226 9663 10000
3772 2372 10000
3826 3792 10000
8436 6139 10000
9739 7733 10000
4820 7280 10000
3566 6003 10000
4258 5987 10000
8723 3912 10000
1292 997 10000
6820 7539 10000
2651 2492 10000
8298 6695 10000
8795 1487 10000
8761 7521 10000
1120 8115 10000
666 6974 10000
2799 1709 10000
4725 8823 10000
3271 6783 10000
8462 4567 10000
1320 9952 10000
7436 6676 10000
9290 4294 10000
5214 7600 10000
3245 8741 10000
9208 8125 10000
3643 6154 10000
3886 9615 10000
5094 9724 10000
5640 158 10000
4142 3349 10000
1360 7785 10000
1115 4671 10000
2049 7801 10000
6947 4929 10000
9686 2732 10000
8484 6486 10000
1849 7441 10000
7493 1623 10000
7950 6499 10000
6135 9059 10000
6819 7967 10000
340 4248 10000
3487 2292 10000
7507 1495 10000
9460 2561 10000
952 3946 10000
2050 4928 10000
651 8816 10000
9577 2942 10000
1753 5003 10000
4667 5984 10000
9536 5236 10000
9931 60 10000
4332 9696 10000
3508 635 10000
811 9264 10000
2195 9794 10000
4429 3022 10000
3031 8277 10000
3210 8325 10000
4766 3568 10000
1024 8015 10000
65 9547 10000
1453 4159 10000
9174 2743 10000
2878 628 10000
8444 8447 10000
5168 4096 10000
2655 4812 10000
3635 5228 10000
2967 2402 10000
8410 6793 10000
524 4627 10000
2200 660 10000
2650 4662 10000
523 7529 10000
7261 3404 10000
2017 590 10000
9269 6750 10000
2001 3966 10000
1789 2275 10000
6000 7192 10000
549 4524 10000
1710 6737 10000
7449 1561 10000
9784 112 10000
3451 5716 10000
9156 6805 10000
3578 2002 10000
7286 9745 10000
4868 9228 10000
6735 7133 10000
5200 2148 10000
6304 9114 10000
3096 3883 10000
437 2077 10000
7102 6991 10000
5757 5678 10000
6890 6718 10000
8643 2637 10000
5657 9641 10000
5262 7209 10000
8206 5045 10000
2162 7855 10000
7486 4816 10000
7399 7709 10000
1524 50 10000
1057 8181 10000
6634 5010 10000
5090 7764 10000
6429 1117 10000
994 8248 10000
2491 4271 10000
6627 4923 10000
9869 5623 10000
9006 5829 10000
7296 9588 10000
1114 9510 10000
4596 5105 10000
3283 2004 10000
9710 5913 10000
1476 2190 10000
9797 7978 10000
7161 9336 10000
7862 2378 10000
4306 4018 10000
3010 4262 10000
2588 5030 10000
3339 9115 10000
4896 4443 10000
2947 7420 10000
6309 751 10000
1242 6463 10000
630 2455 10000
6200 2091 10000
4315 9381 10000
4256 8916 10000
1217 4650 10000
4755 6705 10000
7077 2696 10000
2064 1422 10000
620 6367 10000
4437 7418 10000
7008 6276 10000
5851 6763 10000
4571 2901 10000
415 7920 10000
1823 8944 10000
8373 1373 10000
1226 6580 10000
815 1540 10000
8425 5826 10000
1312 6517 10000
6771 8017 10000
7467 2735 10000
7504 387 10000
9687 2958 10000
8479 5374 10000
299 9235 10000
5351 9403 10000
1920 8491 10000
9840 7534 10000
2382 8503 10000
9614 3994 10000
8548 2895 10000
1897 6527 10000
5911 2906 10000
2640 4559 10000
7554 236 10000
8804 179 10000
1003 2970 10000
5838 2899 10000
8527 9385 10000
9564 1700 10000
6142 1438 10000
9451 484 10000
2029 5611 10000
8377 7437 10000
1719 7937 10000
3641 5395 10000
3330 8834 10000
3708 2065 10000
4097 8159 10000
7606 7144 10000
2456 3833 10000
8512 3790 10000
8232 8184 10000
9373 1704 10000
6197 8476 10000
3579 9298 10000
5155 7038 10000
9850 7444 10000
4972 3477 10000
4079 502 10000
4104 6931 10000
6732 8474 10000
6209 4668 10000
983 1040 10000
9133 9350 10000
25 1980 10000
9027 2723 10000
5349 6753 10000
1285 5866 10000
2239 3636 10000
1654 8065 10000
950 7222 10000
3389 3016 10000
5855 6112 10000
5795 9738 10000
1935 1342 10000
3938 1077 10000
6842 449 10000
5514 3335 10000
2481 427 10000
2759 3606 10000
4561 6701 10000
3778 6579 10000
47 683 10000
7194 7964 10000
7339 3670 10000
9679 1777 10000
6232 9652 10000
6625 7751 10000
1854 239 10000
3943 9400 10000
5604 8551 10000
4660 701 10000
8577 6491 10000
1334 7634 10000
6117 2424 10000
3433 7294 10000
8132 5968 10000
6409 864 10000
3059 3278 10000
4257 7490 10000
8094 6194 10000
9817 1948 10000
951 3565 10000
1773 9637 10000
1084 3927 10000
4804 5548 10000
4182 8023 10000
7619 1168 10000
4908 7220 10000
1968 1280 10000
3020 1684 10000
6046 5192 10000
9721 8279 10000
3724 8244 10000
6143 5967 10000
7049 2348 10000
9865 436 10000
5492 3317 10000
6333 4544 10000
9651 1507 10000
687 9039 10000
6723 7538 10000
5326 69 10000
6490 7975 10000
1836 5042 10000
1597 3581 10000
2112 548 10000
5139 7035 10000
8 8010 10000
8970 5368 10000
3984 3360 10000
6614 7464 10000
8241 3147 10000
4116 8464 10000
3352 84 10000
442 9001 10000
849 6912 10000
4169 4173 10000
128 5730 10000
8613 238 10000
494 1576 10000
4335 5443 10000
9830 458 10000
5626 649 10000
5142 9047 10000
6775 5213 10000
8627 2030 10000
3717 4110 10000
4672 9753 10000
9579 4495 10000
1098 219 10000
9455 1404 10000
5870 4240 10000
7765 6881 10000
3272 1956 10000
2269 2377 10000
1899 9364 10000
725 1222 10000
599 6498 10000
3945 5275 10000
8994 4448 10000
545 5542 10000
5729 944 10000
9145 3466 10000
9127 4225 10000
5583 8728 10000
7687 5591 10000
9126 5808 10000
331 7248 10000
2345 7812 10000
8826 8532 10000
1583 6216 10000
7243 3663 10000
738 9668 10000
3062 4976 10000
2624 3355 10000
2470 4640 10000
174 8660 10000
4303 792 10000
454 5026 10000
3011 662 10000
4401 7652 10000
7151 8434 10000
6679 2592 10000
2425 9858 10000
2952 3698 10000
7568 4642 10000
9294 2559 10000
8499 7472 10000
4118 5649 10000
4548 6034 10000
7293 7043 10000
2854 1116 10000
2165 8348 10000
5130 9935 10000
6267 5308 10000
1516 393 10000
8891 1664 10000
9872 4296 10000
542 1162 10000
3193 8454 10000
2685 5204 10000
6068 5278 10000
8523 8287 10000
3760 2599 10000
2174 7986 10000
7327 4402 10000
3169 1091 10000
7853 7023 10000
8489 3895 10000
5677 7344 10000
8186 5406 10000
9880 2388 10000
4067 2840 10000
7394 2509 10000
9807 2515 10000
5259 4027 10000
1568 4513 10000
9020 2052 10000
1498 2639 10000
9690 5444 10000
2051 6195 10000
9671 2311 10000
7148 3869 10000
9795 8162 10000
5877 4039 10000
7973 9855 10000
5266 6856 10000
8128 1696 10000
5300 6434 10000
9889 9967 10000
3656 5539 10000
1025 6118 10000
3860 2000 10000
6834 8565 10000
6390 5830 10000
6509 4023 10000
4545 1866 10000
3100 4607 10000
7688 2463 10000
8620 6943 10000
6687 6880 10000
2246 9689 10000
8049 7647 10000
6477 5552 10000
8481 2620 10000
2079 126 10000
8046 8428 10000
2308 8907 10000
6416 4922 10000
4307 9226 10000
5587 322 10000
5617 9332 10000
5710 6303 10000
1840 9473 10000
9343 9097 10000
924 7010 10000
4275 6320 10000
6696 6282 10000
3146 4935 10000
7625 18 10000
8561 5445 10000
4464 1868 10000
7546 2712 10000
3004 8900 10000
6515 6792 10000
706 9660 10000
794 2274 10000
1266 2441 10000
4801 5837 10000
9217 2691 10000
6240 6350 10000
152 2037 10000
64 6306 10000
9539 3286 10000
8711 37 10000
6466 5924 10000
4040 1467 10000
817 48 10000
9816 1239 10000
1812 5926 10000
8739 2923 10000
8878 5175 10000
1711 1861 10000
8960 7612 10000
4872 1362 10000
5955 2086 10000
2285 8757 10000
8982 3972 10000
3064 1783 10000
6124 9918 10000
4956 389 10000
3468 5562 10000
9457 3806 10000
8564 1244 10000
2857 2634 10000
1153 5632 10000
6140 2183 10000
8580 7342 10000
4881 2926 10000
1838 6393 10000
3297 809 10000
9529 9543 10000
2208 5482 10000
4580 2980 10000
3393 1215 10000
497 1054 10000
4309 5584 10000
6312 4308 10000
2499 7951 10000
8365 9912 10000
7999 6169 10000
9046 7825 10000
6293 976 10000
7621 6057 10000
2177 8150 10000
4479 3328 10000
9877 4760 10000
2295 4724 10000
4205 1518 10000
9378 1358 10000
588 850 10000
586 1213 10000
9584 7430 10000
4359 3846 10000
3564 1019 10000
8061 3650 10000
349 6644 10000
4863 6501 10000
848 6908 10000
1883 3998 10000
4053 9037 10000
6950 8467 10000
1065 1335 10000
9711 5104 10000
5015 9476 10000
1699 8985 10000
6602 1648 10000
2837 5358 10000
1166 3287 10000
3800 7818 10000
4651 571 10000
4966 4891 10000
5659 6108 10000
3905 5959 10000
2891 5927 10000
4098 8631 10000
2859 7889 10000
9691 8196 10000
752 8502 10000
2431 8921 10000
4144 8715 10000
8573 5038 10000
9569 3157 10000
9954 7408 10000
7108 3377 10000
8053 5550 10000
3041 3250 10000
3260 9882 10000
1974 5169 10000
6751 5480 10000
3834 7609 10000
6316 8490 10000
1372 7935 10000
5365 1187 10000
967 3746 10000
5799 1007 10000
2146 3001 10000
7492 646 10000
6234 1145 10000
7215 8884 10000
5158 3599 10000
8540 4198 10000
7671 5588 10000
3337 5345 10000
8331 5889 10000
9924 1950 10000
3931 7739 10000
7316 9775 10000
9868 4870 10000
1588 4821 10000
2629 9603 10000
8092 5499 10000
9356 1877 10000
1543 3903 10000
7288 8254 10000
3104 9025 10000
7053 6016 10000
7397 2172 10000
8405 7827 10000
5149 7550 10000
1195 1272 10000
3736 3101 10000
3402 4134 10000
5357 2354 10000
3821 2765 10000
6616 750 10000
6167 9004 10000
1929 4933 10000
6013 8858 10000
3651 4880 10000
144 1408 10000
6084 5479 10000
4250 6744 10000
9751 2536 10000
8290 6311 10000
1504 2170 10000
9472 3741 10000
354 8073 10000
3572 6462 10000
5288 7040 10000
7589 1369 10000
2829 5294 10000
8382 3776 10000
2362 4328 10000
4968 2562 10000
6162 7990 10000
8689 8453 10000
5289 6621 10000
3975 7136 10000
1185 2271 10000
6042 2583 10000
9649 9881 10000
4085 1443 10000
3924 7707 10000
6412 8959 10000
1832 5221 10000
3502 87 10000
1308 3713 10000
2998 2578 10000
1233 7738 10000
9068 968 10000
6272 8449 10000
5313 5325 10000
2945 6531 10000
5949 2856 10000
977 3889 10000
7057 8271 10000
8024 6507 10000
4975 2381 10000
5739 8242 10000
7836 7177 10000
7839 4230 10000
3815 1344 10000
5172 9375 10000
1962 1863 10000
8803 730 10000
3359 8989 10000
253 5470 10000
8886 6957 10000
2994 7867 10000
6612 3306 10000
6224 1955 10000
4382 9326 10000
559 3719 10000
5509 2868 10000
3890 9776 10000
2241 9777 10000
5019 8172 10000
4026 2692 10000
6889 8388 10000
2740 57 10000
9440 8268 10000
6891 6839 10000
5133 53 10000
8595 1637 10000
8411 8669 10000
3571 1259 10000
2789 4325 10000
9395 9822 10000
9857 2026 10000
8702 4916 10000
5948 6089 10000
9788 4024 10000
7185 7112 10000
4331 6581 10000
5120 2924 10000
3932 861 10000
4242 3738 10000
4613 3914 10000
6599 7376 10000
3666 3542 10000
4622 4849 10000
2662 755 10000
2435 1172 10000
7705 2534 10000
5679 7456 10000
7860 5254 10000
4771 5140 10000
8144 587 10000
4481 110 10000
6441 6076 10000
3442 955 10000
3228 1323 10000
2654 5641 10000
280 8045 10000
1455 6601 10000
9699 9276 10000
2833 1376 10000
2688 7881 10000
9372 9410 10000
4030 3967 10000
3899 4663 10000
4177 1390 10000
8765 7626 10000
1995 2423 10000
5503 3395 10000
1402 8026 10000
7799 6425 10000
7755 8030 10000
5571 686 10000
3661 2226 10000
3622 2526 10000
8973 7796 10000
2576 2959 10000
6770 7259 10000
2224 1548 10000
4874 7374 10000
293 3184 10000
2687 9722 10000
4774 214 10000
4852 1851 10000
5995 1620 10000
9171 7729 10000
6780 7360 10000
9729 1555 10000
4280 4797 10000
8812 4731 10000
1469 7915 10000
3558 8977 10000
6895 1240 10000
904 6879 10000
7831 2641 10000
6400 2734 10000
7183 6007 10000
1130 3457 10000
2453 7348 10000
2801 7323 10000
4281 2513 10000
2192 1605 10000
9718 7089 10000
2014 9444 10000
242 225 10000
4664 5065 10000
2501 4830 10000
9333 5220 10000
346 4745 10000
7617 8401 10000
5466 8037 10000
9019 6391 10000
8355 348 10000
942 4461 10000
5533 6286 10000
4122 6967 10000
1857 4003 10000
3446 9324 10000
1665 7178 10000
9221 1575 10000
9796 5538 10000
4417 4521 10000
1330 8644 10000
5549 9548 10000
7505 7665 10000
4657 6033 10000
960 1165 10000
6426 8965 10000
5195 1197 10000
4207 6767 10000
1430 6823 10000
9295 6571 10000
2281 4537 10000
8828 4042 10000
1337 7983 10000
5671 2721 10000
8930 392 10000
2461 6997 10000
642 4936 10000
8588 4197 10000
5869 3166 10000
8329 5922 10000
3464 2817 10000
6433 5956 10000
7849 4740 10000
7802 1319 10000
343 7142 10000
66 5159 10000
2465 307 10000
7776 2892 10000
6825 9707 10000
7595 8604 10000
6065 2666 10000
6071 4318 10000
7644 1381 10000
9060 4170 10000
7710 6446 10000
7605 4158 10000
7537 4482 10000
1713 5160 10000
6998 4428 10000
5235 9376 10000
5687 7683 10000
9247 7201 10000
1227 1825 10000
4440 8182 10000
7098 9282 10000
7567 6448 10000
2102 5505 10000
8256 9593 10000
1205 6652 10000
7592 5644 10000
378 9746 10000
5656 6157 10000
6836 1352 10000
2948 7432 10000
5653 1876 10000
7564 8760 10000
5589 513 10000
1486 4141 10000
7718 4221 10000
1651 9108 10000
6563 640 10000
5938 3161 10000
9261 8069 10000
1171 7566 10000
7968 6130 10000
3535 406 10000
6295 3631 10000
7861 6369 10000
3116 9391 10000
2267 9175 10000
1064 9747 10000
1219 1794 10000
7581 1186 10000
5865 8137 10000
8262 892 10000
8639 1472 10000
2166 101 10000
3926 7357 10000
6111 4239 10000
7379 737 10000
4264 4214 10000
2115 696 10000
1202 2478 10000
7421 1230 10000
1886 3645 10000
3555 5761 10000
9964 536 10000
6697 7682 10000
422 3304 10000
6265 7900 10000
3026 3207 10000
2589 1800 10000
9917 9439 10000
852 5277 10000
4131 9396 10000
4514 9347 10000
4059 2963 10000
9790 5637 10000
8440 243 10000
6461 4645 10000
1271 182 10000
1316 4807 10000
8110 2313 10000
6285 3291 10000
3333 9697 10000
7461 3295 10000
671 6114 10000
8961 7535 10000
4375 6861 10000
8295 2336 10000
8002 2636 10000
8634 4536 10000
311 3773 10000
9627 7556 10000
9244 4846 10000
5429 4455 10000
9706 3763 10000
1609 4282 10000
2630 5887 10000
6556 8700 10000
1304 2500 10000
7523 661 10000
6077 8820 10000
150 5384 10000
3876 7907 10000
7071 6772 10000
2496 2710 10000
5535 1248 10000
6219 1013 10000
8822 8263 10000
4914 2686 10000
4670 215 10000
9653 7826 10000
8190 1211 10000
142 7952 10000
3526 119 10000
2865 2036 10000
5681 6803 10000
4973 2982 10000
6691 6235 10000
4155 3109 10000
2105 2517 10000
746 405 10000
672 7800 10000
882 8539 10000
4466 9216 10000
3486 5875 10000
2699 9136 10000
5153 241 10000
7216 1072 10000
1618 3149 10000
7346 9884 10000
862 5508 10000
7646 7658 10000
5309 5131 10000
2243 5525 10000
1767 1759 10000
594 1953 10000
6968 8153 10000
5809 1109 10000
1925 3182 10000
7524 9827 10000
2626 1027 10000
1449 2754 10000
4243 4612 10000
2737 8293 10000
6533 252 10000
2978 6944 10000
1339 2410 10000
6798 2048 10000
8183 4577 10000
718 9466 10000
5044 1423 10000
3611 7310 10000
4005 5664 10000
1938 4817 10000
8347 9515 10000
6809 8749 10000
4566 9009 10000
7439 6951 10000
4152 49 10000
3832 1949 10000
4866 9267 10000
3990 509 10000
3977 7743 10000
9801 931 10000
5685 8160 10000
2047 8151 10000
5145 6547 10000
17 3929 10000
2545 4178 10000
3504 475 10000
8776 1276 10000
9928 532 10000
6903 3494 10000
6910 2440 10000
1553 2860 10000
9299 5765 10000
724 8091 10000
7988 4953 10000
4020 232 10000
1094 9193 10000
3871 6662 10000
5559 2485 10000
9055 6070 10000
6372 8084 10000
3367 2198 10000
2617 1151 10000
2123 8284 10000
2733 3344 10000
500 9095 10000
2371 423 10000
2839 9088 10000
8215 2543 10000
5773 1069 10000
5442 2184 10000
9368 6894 10000
6170 8833 10000
9479 3742 10000
6063 3102 10000
8979 6253 10000
779 9292 10000
747 2850 10000
4103 8697 10000
8356 7901 10000
1265 8855 10000
185 6766 10000
2018 9140 10000
5701 6010 10000
5817 1848 10000
8599 3683 10000
7798 9605 10000
1325 7382 10000
5498 2140 10000
3174 9411 10000
914 9450 10000
6586 3991 10000
8309 2210 10000
6863 2569 10000
5812 2444 10000
4834 6795 10000
9883 560 10000
7255 3455 10000
8330 2006 10000
1549 2071 10000
7578 5476 10000
3383 5700 10000
1924 5775 10000
4814 8230 10000
3607 8602 10000
1403 4069 10000
2961 8685 10000
459 7187 10000
9772 414 10000
7358 9285 10000
6192 961 10000
4794 7026 10000
8221 8076 10000
7731 8863 10000
5991 93 10000
366 2623 10000
9670 4194 10000
4009 928 10000
6976 6196 10000
3917 4705 10000
5263 3519 10000
5217 433 10000
995 781 10000
7584 1666 10000
1865 9478 10000
2157 847 10000
7162 250 10000
2504 1688 10000
1277 9752 10000
1035 3015 10000
9719 8042 10000
2365 7017 10000
5396 2248 10000
7180 7726 10000
2401 8493 10000
510 5101 10000
8351 4999 10000
787 3065 10000
8887 911 10000
2790 7828 10000
2950 4427 10000
9021 7121 10000
7171 717 10000
4924 277 10000
379 1340 10000
1600 1884 10000
3949 617 10000
639 2615 10000
2993 1878 10000
6546 4435 10000
1907 5048 10000
8845 4220 10000
6164 1238 10000
5780 3723 10000
1655 6829 10000
9760 41 10000
5202 5246 10000
3655 6341 10000
9574 9245 10000
9575 5850 10000
1246 2565 10000
6821 9700 10000
3941 1460 10000
7673 9562 10000
2761 9438 10000
4211 4796 10000
8384 1370 10000
2621 2669 10000
4958 8432 10000
5783 8782 10000
7365 6578 10000
7774 448 10000
2101 407 10000
2540 4381 10000
8615 1121 10000
6598 8207 10000
5854 4887 10000
4974 9647 10000
2973 5615 10000
382 3798 10000
4911 6543 10000
4253 8963 10000
3509 1898 10000
664 2090 10000
7977 8194 10000
7474 8438 10000
440 4704 10000
1927 7936 10000
582 9207 10000
2810 5692 10000
9996 8701 10000
7388 3539 10000
5091 2912 10000
9705 828 10000
3018 5597 10000
618 7044 10000
2366 3078 10000
6671 3632 10000
2751 1787 10000
131 4508 10000
753 6592 10000
9419 7159 10000
3204 8193 10000
3659 4977 10000
2568 2129 10000
8353 1401 10000
7749 3307 10000
8098 8260 10000
5732 5596 10000
707 5904 10000
6584 190 10000
693 1089 10000
1086 3357 10000
2719 3342 10000
3356 6221 10000
78 4090 10000
9783 469 10000
4826 4871 10000
205 6813 10000
7821 7416 10000
8514 9618 10000
546 8622 10000
712 2407 10000
4064 1633 10000
4049 3646 10000
5176 9813 10000
7031 7235 10000
107 4927 10000
3121 1975 10000
8704 3467 10000
7931 447 10000
5999 3808 10000
8942 9493 10000
3887 2717 10000
7953 6740 10000
7980 9218 10000
9032 1400 10000
52 1257 10000
5723 9905 10000
79 745 10000
9150 7916 10000
8587 1893 10000
9239 4222 10000
1407 9178 10000
1679 7048 10000
865 6184 10000
9672 3960 10000
7727 820 10000
418 895 10000
4385 3244 10000
5606 5607 10000
920 9734 10000
9248 7570 10000
3706 4810 10000
2511 1653 10000
7229 1999 10000
7541 8265 10000
6432 7854 10000
9330 9716 10000
897 9340 10000
3463 1132 10000
9490 3858 10000
5319 8798 10000
5020 5893 10000
6030 8558 10000
1383 8974 10000
4314 6875 10000
6241 3492 10000
1572 7097 10000
5364 5672 10000
256 6428 10000
9915 7506 10000
5250 5524 10000
709 3143 10000
1220 5776 10000
7143 8656 10000
6327 566 10000
1447 7869 10000
3436 9805 10000
3934 3950 10000
4522 5303 10000
9152 8250 10000
8478 4551 10000
6587 4889 10000
6514 9331 10000
4507 3215 10000
615 9306 10000
3561 3794 10000
8811 8259 10000
7760 4708 10000
688 2867 10000
1963 323 10000
9791 2087 10000
3507 5458 10000
1895 4573 10000
3172 95 10000
6417 4992 10000
1079 9065 10000
3082 7304 10000
2552 5089 10000
9659 2156 10000
3510 5410 10000
7347 1468 10000
7786 6914 10000
6239 543 10000
3043 9590 10000
5598 9957 10000
3843 6545 10000
8810 4782 10000
1179 9307 10000
5752 1990 10000
229 6146 10000
5936 5114 10000
3263 6640 10000
1649 4462 10000
7001 5268 10000
9769 3177 10000
6126 8686 10000
4616 2525 10000
8630 505 10000
4423 5721 10000
9951 171 10000
8612 9629 10000
5321 2245 10000
4379 3409 10000
625 1470 10000
1333 9566 10000
1462 7572 10000
9456 9435 10000
3700 6684 10000
9094 655 10000
308 8718 10000
5541 9417 10000
3105 2869 10000
754 5627 10000
663 2557 10000
4586 8572 10000
8306 5705 10000
2127 5738 10000
2473 1820 10000
1754 1322 10000
9540 1834 10000
9427 9809 10000
7501 803 10000
8576 5743 10000
810 7912 10000
4547 8902 10000
5471 2772 10000
2015 7203 10000
9031 4790 10000
5894 5816 10000
3414 1954 10000
7375 8106 10000
5740 2096 10000
8124 1808 10000
2757 1579 10000
2797 5467 10000
6942 5206 10000
690 2846 10000
2792 4022 10000
5448 4748 10000
2555 371 10000
2134 9844 10000
4108 8864 10000
5292 1727 10000
1776 7146 10000
4813 2059 10000
4753 2779 10000
257 5907 10000
1508 367 10000
8557 1745 10000
5616 9202 10000
2290 2298 10000
8130 8471 10000
1041 5593 10000
8736 4105 10000
3176 508 10000
2876 3711 10000
2611 9779 10000
8050 7207 10000
6458 3569 10000
3672 3236 10000
2781 8237 10000
3605 3761 10000
557 2358 10000
3812 4836 10000
2289 3530 10000
9730 3411 10000
3099 3200 10000
4080 7757 10000
5950 5183 10000
7807 7232 10000
1348 6963 10000
9787 3373 10000
434 654 10000
2805 9688 10000
3743 5370 10000
3251 3654 10000
9302 1371 10000
8825 2012 10000
7956 4529 10000
5407 218 10000
6776 9622 10000
1200 8170 10000
8794 7695 10000
3533 9109 10000
8738 5162 10000
3060 8505 10000
9979 6669 10000
1741 7403 10000
2965 9878 10000
4986 8896 10000
4638 9798 10000
2120 2227 10000
7551 8212 10000
7179 1532 10000
1203 2155 10000
6916 9199 10000
2537 9491 10000
3716 3126 10000
3249 4641 10000
3378 7082 10000
7639 9191 10000
6222 992 10000
7746 4575 10000
5669 226 10000
4126 7256 10000
2831 2447 10000
742 907 10000
2254 4223 10000
6752 1826 10000
8759 5934 10000
7042 3989 10000
7453 9876 10000
5569 9993 10000
6088 8880 10000
996 8163 10000
9860 3847 10000
1228 6213 10000
8176 9468 10000
4930 954 10000
2262 936 10000
736 4533 10000
7422 9845 10000
5917 4917 10000
7322 3892 10000
9849 4219 10000
6643 836 10000
2956 4675 10000
208 8607 10000
4478 3692 10000
411 7692 10000
7530 7336 10000
547 5580 10000
337 453 10000
6131 5937 10000
6336 9255 10000
7362 4617 10000
106 607 10000
2716 7691 10000
6405 665 10000
9003 8418 10000
7283 1351 10000
978 3045 10000
8990 4376 10000
6597 915 10000
8333 3628 10000
9514 8911 10000
5610 8236 10000
2003 1485 10000
723 6214 10000
8086 1204 10000
4723 6326 10000
4372 7351 10000
1454 2594 10000
108 5665 10000
8603 1602 10000
7078 740 10000
3198 5741 10000
1112 5265 10000
6060 8021 10000
3364 6553 10000
3881 8647 10000
9008 7896 10000
2539 3898 10000
2701 5366 10000
5989 3503 10000
3309 220 10000
3382 7446 10000
7526 4504 10000
8328 7272 10000
2215 9274 10000
3262 6871 10000
901 2728 10000
9143 4391 10000
2694 5852 10000
7759 1551 10000
358 2106 10000
7808 7610 10000
6453 6949 10000
8118 3584 10000
8031 5123 10000
4648 3238 10000
425 7979 10000
1482 1831 10000
2766 4349 10000
6554 7260 10000
202 6091 10000
9098 4193 10000
2988 2598 10000
4516 5027 10000
7829 1080 10000
6521 170 10000
6784 886 10000
3936 3171 10000
2838 9799 10000
5518 9360 10000
3993 7874 10000
5024 4163 10000
2185 1971 10000
1140 4827 10000
3261 5947 10000
3110 1374 10000
2830 3189 10000
5802 3047 10000
7236 2489 10000
2579 4313 10000
5422 2502 10000
7478 7276 10000
7174 5835 10000
5647 8591 10000
3623 4351 10000
8409 9311 10000
5715 1691 10000
3438 6116 10000
4119 2949 10000
1613 1307 10000
4267 1779 10000
6218 1134 10000
2957 3086 10000
7455 8398 10000
6001 7167 10000
8842 9894 10000
575 9638 10000
9428 8048 10000
3827 7604 10000
9167 8699 10000
7641 5129 10000
2437 6159 10000
9365 714 10000
7022 7654 10000
6259 900 10000
4944 2266 10000
3904 6896 10000
516 7635 10000
8788 5180 10000
9939 8756 10000
3894 1269 10000
4993 4728 10000
8375 1547 10000
6205 4574 10000
872 4145 10000
8593 6589 10000
7381 3822 10000
4932 2695 10000
5694 4434 10000
975 5794 10000
3727 5008 10000
6268 6381 10000
351 2116 10000
6764 8857 10000
1981 7380 10000
6021 1919 10000
8678 5972 10000
5148 4746 10000
8531 2774 10000
7402 1074 10000
5807 8386 10000
3276 7047 10000
6622 3710 10000
8068 2309 10000
7458 6582 10000
1432 9303 10000
2325 2154 10000
1102 3801 10000
2063 7228 10000
3178 5881 10000
9609 4447 10000
8504 744 10000
1998 1123 10000
5822 5819 10000
3153 6702 10000
7593 9251 10000
5245 4604 10000
196 7338 10000
6 9458 10000
6032 4819 10000
2194 8882 10000
7925 6081 10000
1527 9755 10000
2251 5486 10000
8751 1260 10000
3538 9328 10000
268 1946 10000
8012 4528 10000
7771 853 10000
8909 8687 10000
9962 4869 10000
1574 3050 10000
5900 854 10000
8568 5125 10000
5666 2885 10000
9619 328 10000
2713 9173 10000
7284 4409 10000
9723 7511 10000
7466 4324 10000
9489 4886 10000
3077 5426 10000
9225 9058 10000
304 6098 10000
8840 9885 10000
4703 7075 10000
5310 5749 10000
8363 3786 10000
7598 3567 10000
1867 9589 10000
5034 9636 10000
4147 7205 10000
2756 6262 10000
9407 1160 10000
9527 6788 10000
8448 6452 10000
4862 6862 10000
8314 6256 10000
9714 2442 10000
9862 9134 10000
9430 7058 10000
923 5063 10000
5461 6593 10000
3325 7711 10000
5055 8155 10000
4287 1816 10000
6404 3493 10000
9617 3459 10000
9091 596 10000
374 2341 10000
5719 1966 10000
6755 4915 10000
9238 5060 10000
7489 3841 10000
6824 4510 10000
9319 9972 10000
8289 6343 10000
1911 240 10000
2022 38 10000
6129 4737 10000
8722 592 10000
8321 5189 10000
6899 9851 10000
7596 5344 10000
2697 8786 10000
7954 8288 10000
7345 3543 10000
1274 2284 10000
2464 2097 10000
6206 8297 10000
9182 292 10000
7190 9463 10000
2823 3577 10000
9291 83 10000
6051 9635 10000
6577 1626 10000
8553 4474 10000
6147 8928 10000
9190 6080 10000
2800 9206 10000
9035 3913 10000
98 5500 10000
5988 9119 10000
8939 9505 10000
9212 1480 10000
6204 9434 10000
58 6970 10000
3681 6814 10000
3807 1964 10000
7095 3296 10000
3840 4459 10000
5688 1235 10000
6199 5073 10000
9633 2188 10000
6765 6476 10000
4919 1038 10000
9645 5181 10000
9359 3690 10000
1640 3621 10000
9049 8673 10000
3853 6011 10000
1904 6186 10000
3410 3901 10000
6054 2260 10000
8056 3386 10000
6816 1690 10000
4084 3791 10000
9759 7079 10000
3664 2255 10000
2548 5347 10000
7204 3874 10000
7942 7480 10000
2056 7337 10000
2427 4476 10000
3159 4680 10000
8683 6332 10000
4805 8932 10000
3074 9470 10000
3944 5046 10000
1396 1702 10000
9486 1766 10000
1594 2009 10000
2842 3859 10000
685 4341 10000
4350 3122 10000
2212 9551 10000
2898 4338 10000
275 4949 10000
1601 8109 10000
3930 3390 10000
3106 697 10000
7549 2144 10000
8252 3728 10000
9754 1681 10000
5335 7597 10000
4854 6249 10000
5025 4902 10000
3129 3392 10000
9149 3066 10000
4673 1414 10000
8881 4901 10000
9183 8062 10000
5707 1541 10000
9891 7313 10000
3256 8392 10000
9061 1918 10000
788 9674 10000
1943 3718 10000
9770 7223 10000
5512 345 10000
917 3789 10000
7081 6812 10000
7274 4344 10000
5165 8406 10000
9968 7940 10000
3424 4658 10000
124 408 10000
1036 4487 10000
770 1821 10000
2679 9015 10000
4498 9101 10000
4501 5770 10000
5572 6688 10000
1451 5675 10000
8847 5791 10000
4690 9990 10000
2411 5864 10000
7816 6756 10000
5754 7032 10000
4602 7949 10000
8677 8719 10000
3918 4348 10000
2851 9172 10000
3080 5735 10000
7279 5693 10000
6917 4762 10000
6120 9532 10000
4895 7170 10000
9582 8824 10000
1703 3282 10000
7806 4453 10000
4590 7706 10000
8071 1159 10000
4946 4734 10000
1586 2554 10000
1556 9257 10000
7158 1617 10000
7033 9768 10000
966 6357 10000
8246 3358 10000
3083 2113 10000
1513 8712 10000
9958 4456 10000
1108 8831 10000
1488 6243 10000
9913 2100 10000
7886 1284 10000
1293 4990 10000
5516 544 10000
113 3069 10000
2349 7270 10000
9662 7805 10000
5462 8461 10000
7018 8157 10000
467 764 10000
2319 1137 10000
8976 5392 10000
3781 9011 10000
7509 4883 10000
7428 5797 10000
5748 7910 10000
692 1880 10000
1127 8451 10000
9184 1055 10000
5928 5179 10000
8435 2480 10000
8914 7491 10000
6655 2339 10000
1394 7651 10000
5630 7830 10000
5921 9397 10000
5437 5166 10000
6008 6703 10000
2357 9005 10000
5431 2083 10000
412 3070 10000
1658 7685 10000
7433 7536 10000
5789 6525 10000
6354 8158 10000
1796 5469 10000
3882 9580 10000
5031 9742 10000
875 7450 10000
539 3103 10000
972 9832 10000
7431 6447 10000
6670 1560 10000
9498 3970 10000
3499 1622 10000
4858 8033 10000
1536 5013 10000
8192 9029 10000
9195 9748 10000
1809 4981 10000
2439 8174 10000
937 7701 10000
1960 4176 10000
7754 3842 10000
540 7004 10000
4038 2628 10000
1725 9524 10000
4416 3068 10000
203 1987 10000
1521 8126 10000
1835 5465 10000
4920 8399 10000
6526 5847 10000
689 1862 10000
8097 4775 10000
2971 4493 10000
176 4633 10000
8775 8818 10000
6083 957 10000
3868 8657 10000
6909 3039 10000
3417 5456 10000
4299 4518 10000
1291 1693 10000
1444 3365 10000
1131 4776 10000
6699 6570 10000
796 7454 10000
8245 7607 10000
8276 891 10000
8146 8679 10000
2625 8156 10000
8758 2108 10000
7131 5648 10000
1099 8501 10000
2632 8016 10000
909 5012 10000
9843 5227 10000
9561 13 10000
5782 6748 10000
1591 6878 10000
4656 938 10000
5613 9762 10000
5790 2661 10000
657 398 10000
7254 8725 10000
6955 3951 10000
2216 9591 10000
3232 8337 10000
8404 7778 10000
7476 5769 10000
8874 4882 10000
9488 3108 10000
6619 2622 10000
8851 54 10000
5415 634 10000
2433 8600 10000
2556 191 10000
4106 6177 10000
1173 9222 10000
8238 4815 10000
9162 7413 10000
4390 1302 10000
5556 1994 10000
6401 3057 10000
8059 2758 10000
6185 780 10000
5428 1921 10000
4488 6435 10000
443 2702 10000
3678 7003 10000
135 9743 10000
7696 3008 10000
7876 7110 10000
3209 9229 10000
3302 9516 10000
6630 1087 10000
2519 4300 10000
8579 2910 10000
6954 1606 10000
1818 1178 10000
5017 5842 10000
6692 9640 10000
5455 2315 10000
7697 9530 10000
4947 9459 10000
2472 8714 10000
1715 3771 10000
4210 7880 10000
3028 5328 10000
5185 4763 10000
3185 9387 10000
7730 9138 10000
9893 8311 10000
5494 4436 10000
5526 5513 10000
3575 1500 10000
8870 5902 10000
8799 5360 10000
2347 6818 10000
8108 5097 10000
9900 9698 10000
1243 2570 10000
2954 595 10000
347 7922 10000
837 7415 10000
9702 9512 10000
6470 6403 10000
8590 5784 10000
8007 1790 10000
5173 297 10000
109 962 10000
9467 1864 10000
832 5161 10000
1105 1182 10000
3326 5733 10000
8742 4099 10000
9677 5935 10000
4890 9448 10000
3329 9974 10000
5555 3190 10000
3490 4279 10000
3114 3340 10000
4323 2744 10000
6487 8078 10000
9749 9007 10000
5676 6591 10000
8421 2209 10000
6631 4025 10000
318 1152 10000
482 6290 10000
4233 6047 10000
7788 5946 10000
4879 6700 10000
3640 6668 10000
5532 7498 10000
7914 1858 10000
8993 6864 10000
720 8559 10000
8318 4721 10000
3591 9177 10000
285 5074 10000
3968 4074 10000
3861 5066 10000
6220 9626 10000
1669 6898 10000
1544 4541 10000
7894 9379 10000
9803 4052 10000
2483 3982 10000
456 2746 10000
2352 5992 10000
3501 2549 10000
7440 1464 10000
3460 4659 10000
5372 4167 10000
5750 822 10000
5459 5243 10000
9464 7890 10000
6110 6603 10000
8542 829 10000
5367 2573 10000
8649 7452 10000
9892 1763 10000
6148 3675 10000
5156 2021 10000
763 2268 10000
6160 9871 10000
8342 5554 10000
9810 6165 10000
2454 8596 10000
2574 1483 10000
4988 1612 10000
5212 778 10000
7244 9856 10000
9897 5858 10000
7230 2095 10000
6712 7269 10000
404 3649 10000
8473 1410 10000
2762 3425 10000
7036 7448 10000
7515 9447 10000
3757 224 10000
4564 4033 10000
4601 470 10000
2871 1144 10000
9936 2104 10000
2538 7153 10000
8850 6650 10000
2972 8077 10000
3471 633 10000
7645 6492 10000
3046 2351 10000
6773 4749 10000
180 3774 10000
1435 9325 10000
4695 2415 10000
1456 9076 10000
4432 8370 10000
8707 2882 10000
8300 1562 10000
1887 1871 10000
283 9558 10000
5965 1736 10000
7624 1118 10000
2610 9279 10000
8339 8189 10000
8167 6264 10000
3313 7488 10000
1587 1722 10000
6600 1045 10000
9240 5316 10000
8695 3657 10000
7918 9495 10000
3170 8915 10000
6187 7815 10000
7873 5709 10000
2355 8018 10000
6017 4286 10000
5040 7479 10000
4803 8074 10000
2984 3421 10000
9420 7372 10000
7384 6731 10000
1411 7051 10000
2506 2093 10000
3029 7576 10000
134 6229 10000
6900 1829 10000
7350 4289 10000
305 9874 10000
1603 9934 10000
5053 2187 10000
4678 1636 10000
6982 8735 10000
3179 8415 10000
8691 6921 10000
7902 1005 10000
2135 4357 10000
3983 8940 10000
9197 5100 10000
2653 827 10000
1675 825 10000
6618 8345 10000
7400 2821 10000
314 3986 10000
6385 5004 10000
8480 7623 10000
6779 3720 10000
2221 2551 10000
3647 2380 10000
5489 6708 10000
906 3594 10000
919 11 10000
7281 5447 10000
8067 34 10000
5296 783 10000
5029 4994 10000
8636 8710 10000
9194 7943 10000
9771 9041 10000
5362 4063 10000
7892 7985 10000
1063 6254 10000
474 1328 10000
4751 2780 10000
4945 8745 10000
6534 2322 10000
637 2302 10000
2078 373 10000
5135 6993 10000
4525 3139 10000
4212 5379 10000
9526 1784 10000
1314 2238 10000
9824 6026 10000
9073 1973 10000
6637 141 10000
6981 1191 10000
5304 7627 10000
9644 209 10000
3040 9820 10000
7927 5844 10000
6623 7917 10000
5592 2111 10000
5777 5993 10000
726 2843 10000
9538 2682 10000
7385 4010 10000
708 3897 10000
6510 9181 10000
1892 8003 10000
2191 6121 10000
8070 7129 10000
5845 8027 10000
3739 4921 10000
2999 3453 10000
8690 6977 10000
9946 5862 10000
7343 2046 10000
2167 1701 10000
2507 2429 10000
89 4015 10000
798 207 10000
8681 261 10000
3544 2827 10000
6092 4285 10000
1177 3049 10000
5872 6349 10000
1565 3528 10000
8744 7740 10000
2652 169 10000
8416 7233 10000
6904 2094 10000
1860 2297 10000
9164 6698 10000
1471 1952 10000
9056 8179 10000
5682 5463 10000
1155 7845 10000
4414 6694 10000
5891 6325 10000
8819 785 10000
5190 2276 10000
4241 8358 10000
3614 1764 10000
4792 6248 10000
5487 9344 10000
7074 6595 10000
6364 8917 10000
1501 4614 10000
1061 859 10000
9612 9630 10000
6469 7565 10000
1303 2471 10000
1915 5115 10000
3165 6971 10000
7698 3797 10000
1198 2229 10000
5726 6906 10000
1717 4161 10000
2567 2256 10000
2488 4778 10000
6176 6482 10000
3212 5767 10000
5400 2180 10000
7856 4534 10000
2445 5196 10000
9135 5892 10000
5336 533 10000
1817 4619 10000
8662 4007 10000
4702 1647 10000
6179 7891 10000
5241 5314 10000
6053 2161 10000
945 5071 10000
8762 1241 10000
3775 4600 10000
5302 5416 10000
1734 6843 10000
9482 6210 10000
739 1387 10000
8670 6647 10000
7969 8854 10000
2533 368 10000
2933 2563 10000
9317 1785 10000
14 9103 10000
2612 9394 10000
3489 8894 10000
6040 4802 10000
7992 8188 10000
554 3701 10000
673 4021 10000
4892 7465 10000
4903 6665 10000
6607 6832 10000
399 4305 10000
7361 2181 10000
3021 3788 10000
3259 9812 10000
464 7407 10000
2602 1367 10000
7041 1947 10000
3076 4713 10000
3997 8659 10000
5047 3141 10000
4765 6100 10000
4558 9693 10000
2044 4374 10000
609 3222 10000
1667 5759 10000
3639 5257 10000
9888 424 10000
8838 4123 10000
1188 9550 10000
3254 6299 10000
4899 5720 10000
3756 400 10000
9552 3816 10000
863 8303 10000
2076 9161 10000
1156 9277 10000
6472 8475 10000
7941 9987 10000
667 2376 10000
6072 302 10000
5252 7668 10000
2907 7893 10000
222 7599 10000
7865 4594 10000
1101 9426 10000
7712 9665 10000
7525 7908 10000
8706 4957 10000
362 2261 10000
1154 21 10000
2234 175 10000
880 7221 10000
4623 2240 10000
9750 9814 10000
1164 801 10000
9118 3911 10000
964 1097 10000
3747 1941 10000
9084 2197 10000
4829 2787 10000
4844 316 10000
2771 9480 10000
7938 2635 10000
8869 4422 10000
1368 503 10000
5698 5473 10000
8391 2866 10000
6512 6672 10000
4535 6310 10000
2074 6436 10000
5983 2668 10000
5353 3925 10000
2350 6424 10000
7944 6370 10000
511 184 10000
6918 4114 10000
9481 5134 10000
8470 6352 10000
6082 5832 10000
6754 6854 10000
111 8733 10000
8282 9132 10000
8597 5170 10000
1510 965 10000
6123 8087 10000
5348 9012 10000
1141 2873 10000
9284 9125 10000
4677 1902 10000
699 7678 10000
8807 8423 10000
3483 1252 10000
473 7332 10000
7792 3027 10000
3196 2753 10000
908 9956 10000
3532 9077 10000
1611 8953 10000
7972 9980 10000
493 263 10000
1931 9214 10000
6685 1639 10000
8234 5182 10000
8226 4502 10000
1466 6023 10000
8371 1032 10000
8319 9112 10000
3537 6659 10000
5515 1781 10000
2909 8323 10000
310 6144 10000
73 5199 10000
4148 117 10000
9655 3246 10000
7689 7618 10000
5157 8618 10000
8340 198 10000
9906 352 10000
5621 7066 10000
1824 9180 10000
7997 2816 10000
3514 7264 10000
5939 4624 10000
6407 1329 10000
7383 5232 10000
6049 702 10000
4060 5209 10000
6575 1167 10000
6225 3038 10000
4515 538 10000
883 1616 10000
143 3767 10000
120 1595 10000
851 4283 10000
1229 6344 10000
5186 7963 10000
899 8486 10000
8437 3428 10000
9741 2900 10000
6269 2518 10000
656 8112 10000
5481 9727 10000
2874 5324 10000
2479 9293 10000
1078 7655 10000
3197 9613 10000
612 4458 10000
5758 959 10000
1018 8005 10000
9681 5478 10000
3848 8219 10000
812 1573 10000
782 3580 10000
3242 7957 10000
2729 1908 10000
604 8129 10000
9275 8753 10000
3995 8849 10000
4850 8645 10000
6730 9 10000
6109 9416 10000
8008 6787 10000
5982 3071 10000
647 3813 10000
8893 187 10000
9648 1569 10000
1959 8910 10000
5464 3298 10000
5488 9064 10000
3345 8492 10000
622 8601 10000
7558 6988 10000
5756 621 10000
9377 7088 10000
5382 5925 10000
2283 2571 10000
8770 2660 10000
6660 3810 10000
6850 4989 10000
71 8119 10000
3006 735 10000
24 6504 10000
4937 9950 10000
2680 4589 10000
9265 4002 10000
4555 5380 10000
7029 741 10000
2944 7496 10000
104 4560 10000
1815 506 10000
2273 1559 10000
1254 7317 10000
1599 9926 10000
3 9159 10000
7852 472 10000
1813 3482 10000
3671 8072 10000
1253 2986 10000
3802 477 10000
8529 1446 10000
4319 3284 10000
1452 8324 10000
1881 3088 10000
1922 4739 10000
3828 8022 10000
8651 5084 10000
8305 6576 10000
149 5077 10000
1008 2593 10000
2591 7628 10000
1539 8034 10000
6366 6483 10000
3013 9349 10000
3061 589 10000
3474 6451 10000
5375 5699 10000
5460 3740 10000
6815 5331 10000
1095 9555 10000
9504 7355 10000
4386 2318 10000
5932 3125 10000
4918 986 10000
438 7062 10000
9392 9509 10000
4799 5519 10000
74 8899 10000
5424 1305 10000
3867 4960 10000
1642 8629 10000
5436 2468 10000
8817 555 10000
5051 2580 10000
8526 8310 10000
4777 2038 10000
4113 5290 10000
3722 591 10000
9572 5269 10000
535 821 10000
9117 2384 10000
7308 4076 10000
3107 5022 10000
4 7481 10000
9557 1193 10000
3387 3154 10000
1059 606 10000
4609 68 10000
394 7559 10000
4065 5528 10000
799 1124 10000
3485 561 10000
1856 4389 10000
1749 4117 10000
8180 734 10000
580 1680 10000
8294 1577 10000
1506 1378 10000
7120 1750 10000
2400 9908 10000
4941 9758 10000
9351 3218 10000
9213 9774 10000
2199 1427 10000
2149 6794 10000
2340 5885 10000
7930 4832 10000
4995 4160 10000
2643 6726 10000
6742 7285 10000
7649 1996 10000
9075 3191 10000
9263 6445 10000
6296 8978 10000
5198 5785 10000
8369 8249 10000
3856 8585 10000
4621 9811 10000
8507 1739 10000
1535 2419 10000
8860 4425 10000
8621 3750 10000
3311 3620 10000
4608 9949 10000
9128 6362 10000
8674 2306 10000
9507 3662 10000
4509 2527 10000
6022 7427 10000
6604 1845 10000
4630 7500 10000
5973 771 10000
8805 5279 10000
2730 6611 10000
8041 7723 10000
3321 6675 10000
5110 212 10000
9297 2141 10000
4955 8537 10000
6929 5975 10000
5728 8171 10000
3688 8547 10000
7334 9998 10000
1380 9834 10000
873 9782 10000
8414 2356 10000
3837 166 10000
9354 4747 10000
7499 7045 10000
4392 650 10000
8360 7667 10000
2934 2936 10000
5836 4585 10000
5896 9586 10000
6132 4062 10000
7016 7301 10000
6493 8925 10000
8947 1522 10000
4839 6175 10000
1384 9767 10000
2953 925 10000
1520 3220 10000
4904 8264 10000
5690 585 10000
8374 2997 10000
3686 4779 10000
4232 3025 10000
9695 9474 10000
8397 1088 10000
8066 8327 10000
6339 790 10000
9052 2820 10000
6620 7527 10000
3226 3875 10000
3167 344 10000
3787 5224 10000
5163 4100 10000
8769 1310 10000
9044 762 10000
2136 4519 10000
4433 8778 10000
8594 3406 10000
5124 3440 10000
7451 4235 10000
3310 5667 10000
5112 2220 10000
2657 5178 10000
5312 5695 10000
27 9155 10000
8152 4666 10000
7838 3051 10000
2270 2514 10000
731 7197 10000
7106 8408 10000
3447 1441 10000
3023 487 10000
2529 5363 10000
2645 1341 10000
388 7656 10000
8154 3947 10000
9272 8841 10000
9437 5827 10000
9966 4591 10000
9879 5521 10000
1614 504 10000
3481 5397 10000
3408 6867 10000
9462 3009 10000
6528 6594 10000
6868 4857 10000
5813 9628 10000
2642 9313 10000
1912 6567 10000
8866 7195 10000
8943 2085 10000
5194 2369 10000
2103 2718 10000
3429 7629 10000
9469 5763 10000
759 2825 10000
326 2430 10000
7354 8366 10000
5297 9611 10000
4742 3007 10000
290 1237 10000
2553 1049 10000
5373 8743 10000
2586 5929 10000
1567 206 10000
1419 7533 10000
8376 2364 10000
7002 4900 10000
843 2575 10000
4951 3098 10000
2979 7736 10000
6380 9537 10000
8873 9559 10000
6484 768 10000
3935 355 10000
9382 5668 10000
8299 7669 10000
3891 2587 10000
7752 5136 10000
3054 1905 10000
9223 1128 10000
7766 2613 10000
5636 8455 10000
3805 7883 10000
6058 1916 10000
334 8095 10000
5856 2467 10000
4653 4465 10000
3964 5940 10000
3290 2804 10000
1264 5901 10000
6099 7127 10000
2334 6965 10000
3668 7157 10000
32 4326 10000
5577 5399 10000
1361 2775 10000
3012 2826 10000
9836 2332 10000
5861 1290 10000
2881 4347 10000
6300 7732 10000
6596 1802 10000
9766 3731 10000
933 9028 10000
4133 8364 10000
926 7007 10000
6351 3293 10000
4485 6153 10000
5957 284 10000
1317 1126 10000
1033 2938 10000
2796 8848 10000
887 6561 10000
1392 9616 10000
6277 123 10000
2769 9656 10000
1629 3213 10000
4729 5116 10000
1721 9176 10000
479 6962 10000
2032 9546 10000
1010 2061 10000
270 7586 10000
7615 496 10000
1433 376 10000
2023 2607 10000
9026 5056 10000
9963 1660 10000
2893 9907 10000
7298 3405 10000
1136 8334 10000
5359 5282 10000
6430 7392 10000
2764 6045 10000
576 5293 10000
3416 6983 10000
2795 9911 10000
3749 6777 10000
7011 2075 10000
6953 4156 10000
7810 155 10000
4576 7984 10000
4395 2145 10000
330 6739 10000
8731 3633 10000
1869 4087 10000
5801 3959 10000
319 3873 10000
8389 2498 10000
156 6315 10000
4876 4121 10000
6608 6399 10000
488 7516 10000
9151 6338 10000
5658 9189 10000
3145 5736 10000
2385 5023 10000
2705 4413 10000
9405 9309 10000
2913 5502 10000
8892 5440 10000
9017 332 10000
7837 8935 10000
4722 3219 10000
939 3906 10000
4540 8101 10000
4449 3604 10000
9254 9409 10000
401 2304 10000
6574 375 10000
2858 6322 10000
7282 3133 10000
7528 8004 10000
3372 6113 10000
5238 7502 10000
7742 2406 10000
7101 4592 10000
2767 9030 10000
9991 8682 10000
7275 2119 10000
5274 4715 10000
1273 2689 10000
9895 5081 10000
8105 2333 10000
1070 7948 10000
3976 3601 10000
1234 3217 10000
3350 162 10000
4384 4327 10000
5628 9554 10000
9867 1332 10000
1729 5612 10000
2918 7226 10000
1631 5244 10000
5337 7636 10000
3554 4209 10000
6171 2138 10000
6396 4322 10000
8663 626 10000
6615 2582 10000
5570 1181 10000
3817 1632 10000
3758 716 10000
2778 7196 10000
775 5177 10000
7903 2495 10000
9318 1192 10000
7513 9720 10000
6828 5772 10000
3617 6733 10000
8574 7897 10000
6373 9485 10000
1608 6961 10000
7744 2088 10000
3988 7842 10000
2 3376 10000
9018 7006 10000
4146 1345 10000
1833 8258 10000
7328 3820 10000
3095 9104 10000
6979 8905 10000
9227 6059 10000
6006 1930 10000
7000 6020 10000
5590 7681 10000
2875 2807 10000
4707 4237 10000
9896 7020 10000
157 4490 10000
5035 8211 10000
8379 5595 10000
3265 5414 10000
55 6549 10000
4562 4346 10000
82 8920 10000
5079 989 10000
8291 286 10000
8201 8549 10000
4151 7573 10000
869 3267 10000
1256 3144 10000
6807 3119 10000
8335 130 10000
2811 1161 10000
7642 1969 10000
6174 9066 10000
3398 6559 10000
6258 8001 10000
8754 9989 10000
2818 5000 10000
9567 7410 10000
6481 2392 10000
2443 3118 10000
7271 7650 10000
5557 2387 10000
9074 7699 10000
3961 1113 10000
6152 4822 10000
8926 3331 10000
8080 4321 10000
8214 3864 10000
7241 7846 10000
4075 7305 10000
3523 4441 10000
3435 8134 10000
6706 7648 10000
8837 2707 10000
7125 9854 10000
6506 2596 10000
5945 1976 10000
7156 4738 10000
3548 9903 10000
4809 5849 10000
5962 1894 10000
7519 5880 10000
8606 9838 10000
3449 1761 10000
94 8729 10000
410 4897 10000
9533 7633 10000
9545 4647 10000
2150 9981 10000
44 6103 10000
7677 6419 10000
614 4320 10000
1103 1697 10000
5746 1873 10000
2438 2137 10000
7240 826 10000
4719 3839 10000
9106 2618 10000
2658 6096 10000
300 668 10000
2024 1758 10000
2301 9280 10000
5286 7137 10000
6693 7870 10000
1023 8592 10000
8064 1708 10000
2307 4014 10000
6888 6663 10000
9209 9186 10000
8652 7034 10000
9578 8341 10000
3412 6480 10000
118 1321 10000
3288 121 10000
2153 1129 10000
4138 8650 10000
6940 7289 10000
2389 1393 10000
35 8766 10000
4082 357 10000
7069 5128 10000
2462 2299 10000
5188 7218 10000
2726 4266 10000
7231 9014 10000
5361 7188 10000
5390 7932 10000
9063 8535 10000
4277 4679 10000
1286 3948 10000
4828 30 10000
6329 6932 10000
1682 5670 10000
7484 9401 10000
2601 7128 10000
652 5371 10000
8168 2327 10000
9992 246 10000
1732 1386 10000
4431 8203 10000
4517 4654 10000
3541 8951 10000
9841 8717 10000
2989 6494 10000
3829 1853 10000
9393 2128 10000
2508 3850 10000
9929 8113 10000
5421 6573 10000
6102 3784 10000
2964 5446 10000
1805 8135 10000
167 4636 10000
231 8494 10000
3168 4996 10000
4652 3370 10000
7590 6004 10000
4967 4637 10000
2118 2822 10000
5095 694 10000
7895 5933 10000
7574 9042 10000
9388 8169 10000
3612 5517 10000
5315 122 10000
7249 4684 10000
715 3630 10000
8966 9446 10000
4394 902 10000
749 2564 10000
245 2163 10000
9093 6374 10000
3677 8460 10000
5520 8308 10000
8661 2257 10000
2698 9778 10000
4362 2722 10000
9667 1210 10000
9898 2738 10000
4546 264 10000
5346 364 10000
3163 227 10000
1048 3072 10000
1000 3954 10000
4556 7363 10000
3583 4784 10000
5154 3123 10000
8307 9899 10000
7061 1810 10000
7199 8035 10000
1786 6884 10000
4410 3516 10000
5876 5452 10000
8633 165 10000
4711 8999 10000
9398 5755 10000
1463 6738 10000
4676 213 10000
9185 4912 10000
1512 3279 10000
2035 2067 10000
3693 2158 10000
3818 8060 10000
4387 6201 10000
3965 1475 10000
2532 4709 10000
8705 611 10000
3884 7076 10000
6094 2080 10000
1926 301 10000
7991 2016 10000
3687 6661 10000
2572 6666 10000
6015 6901 10000
9424 6605 10000
1053 5602 10000
2845 1085 10000
1901 6163 10000
698 7866 10000
7141 3415 10000
4047 6681 10000
2646 329 10000
7772 6855 10000
5507 2813 10000
8191 8908 10000
3289 7268 10000
4489 6180 10000
1359 7099 10000
2577 4095 10000
9266 3160 10000
9131 7871 10000
4475 7134 10000
9764 1405 10000
7923 3430 10000
8147 3233 10000
5920 5230 10000
3714 4136 10000
8772 4629 10000
4426 5831 10000
2218 7072 10000
4127 1619 10000
1570 6075 10000
5340 2280 10000
5863 6939 10000
3525 5484 10000
1657 3992 10000
7349 3112 10000
9826 9369 10000
4851 1225 10000
4034 2768 10000
5059 5566 10000
7353 6923 10000
675 5888 10000
6279 2237 10000
7404 1379 10000
7468 2252 10000
4129 8608 10000
3024 653 10000
3854 9576 10000
8748 9034 10000
761 7398 10000
7419 5622 10000
840 5080 10000
3192 1515 10000
2870 9756 10000
9201 7591 10000
7630 5108 10000
8752 9386 10000
2054 2603 10000
5650 9601 10000
7638 5931 10000
5284 6869 10000
3090 7039 10000
3491 3055 10000
3585 8698 10000
9033 6728 10000
695 3593 10000
1382 4842 10000
7708 9983 10000
4503 6439 10000
6683 4772 10000
8755 426 10000
5737 6651 10000
7888 2236 10000
2193 1306 10000
2647 912 10000
9709 8483 10000
8122 5318 10000
4008 3033 10000
1874 287 10000
4268 7442 10000
3999 6314 10000
9922 8628 10000
4284 4249 10000
303 463 10000
273 7155 10000
2412 1757 10000
9374 8052 10000
7118 7961 10000
8419 8177 10000
7879 4773 10000
5087 5187 10000
2081 6406 10000
6522 7809 10000
2633 5961 10000
9205 9535 10000
958 3937 10000
773 681 10000
5354 6423 10000
2832 5398 10000
4378 1917 10000
5270 1037 10000
5147 6860 10000
6938 6673 10000
8901 5918 10000
5127 5402 10000
5387 2486 10000
9565 8522 10000
5504 6359 10000
5594 1428 10000
6648 7761 10000
9599 7848 10000
5420 9453 10000
9471 641 10000
5523 1158 10000
956 7875 10000
1331 5978 10000
9322 6191 10000
403 6052 10000
8313 3175 10000
8560 1735 10000
5860 9793 10000
4317 8545 10000
234 7368 10000
1143 9432 10000
4180 76 10000
8987 7675 10000
1347 4383 10000
8239 8088 10000
1942 4012 10000
2535 2331 10000
7009 8584 10000
8879 3582 10000
1491 6150 10000
6845 2033 10000
4369 10000 10000
2432 3188 10000
4646 7603 10000
9757 4467 10000
7482 830 10000
963 941 10000
5576 5403 10000
4168 115 10000
7913 7387 10000
6722 2010 10000
3058 6727 10000
8566 1311 10000
7522 3652 10000
4841 8941 10000
7834 3281 10000
7594 5457 10000
4370 3527 10000
4128 1988 10000
5210 8274 10000
1474 2931 10000
8117 8468 10000
9335 616 10000
4061 5873 10000
282 3472 10000
9487 4714 10000
2303 7823 10000
1746 396 10000
4698 910 10000
8446 7224 10000
5806 8362 10000
9496 6093 10000
1558 4367 10000
1163 9997 10000
6202 2169 10000
4835 7100 10000
8317 682 10000
4189 3823 10000
6346 1687 10000
526 4786 10000
5096 842 10000
7763 2230 10000
4484 7784 10000
8653 413 10000
531 6642 10000
6442 3388 10000
2147 2690 10000
3243 6252 10000
525 2058 10000
377 2604 10000
1634 5483 10000
3366 6537 10000
1782 7463 10000
619 6837 10000
8220 1170 10000
4610 760 10000
5231 7206 10000
97 2770 10000
9930 943 10000
6848 7750 10000
3354 321 10000
5680 2011 10000
7905 9909 10000
1695 7312 10000
151 7921 10000
918 1363 10000
9316 2976 10000
429 2546 10000
3793 985 10000
1090 8998 10000
8554 4204 10000
5418 2176 10000
7366 9499 10000
8216 6331 10000
3053 9682 10000
3563 2786 10000
8983 6398 10000
4611 5971 10000
2727 9211 10000
1977 1723 10000
6667 680 10000
2497 9281 10000
9890 8273 10000
8515 1459 10000
9148 9859 10000
5261 9179 10000
6444 7324 10000
7497 3795 10000
6516 6778 10000
6387 2915 10000
4234 9024 10000
7602 7103 10000
2991 3685 10000
2969 1615 10000
9943 4752 10000
5943 2777 10000
1440 6275 10000
5914 4188 10000
7277 3315 10000
3056 2151 10000
1028 5565 10000
4154 772 10000
3512 2121 10000
6289 2693 10000
9165 6538 10000
3513 2917 10000
1391 3138 10000
313 9301 10000
1448 1533 10000
677 2214 10000
3971 7330 10000
233 1149 10000
6355 1236 10000
9528 200 10000
5295 600 10000
515 9735 10000
5317 5742 10000
7924 5871 10000
1807 7287 10000
8161 8813 10000
4288 8730 10000
7548 3520 10000
9531 9763 10000
5545 3953 10000
4408 1737 10000
6044 1366 10000
9947 1844 10000
4135 5491 10000
5141 3248 10000
3127 1961 10000
9070 643 10000
5903 2282 10000
4140 874 10000
1661 8933 10000
3427 9146 10000
5405 6520 10000
5674 4557 10000
9087 860 10000
3511 8083 10000
8131 3048 10000
4260 7107 10000
4252 2905 10000
5301 6505 10000
296 5706 10000
6852 3052 10000
9278 5218 10000
569 6376 10000
7735 9664 10000
804 8336 10000
5450 5660 10000
7787 7092 10000
9390 3589 10000
1180 3618 10000
7070 262 10000
7331 4109 10000
8962 3921 10000
5433 5833 10000
3987 9631 10000
6457 8019 10000
2337 2397 10000
1258 6305 10000
7686 2469 10000
756 4732 10000
1261 2608 10000
6019 9389 10000
4035 5825 10000
5923 2966 10000
8871 75 10000
8675 2706 10000
6532 3158 10000
7878 6298 10000
1315 7073 10000
4603 2606 10000
2418 4276 10000
6278 6720 10000
6892 4184 10000
6928 3142 10000
8609 3712 10000
7898 6408 10000
5174 3730 10000
3087 3211 10000
8452 5778 10000
2894 6392 10000
9100 3136 10000
6885 2887 10000
6233 5404 10000
558 748 10000
1529 8165 10000
6831 2530 10000
1756 2084 10000
7297 4218 10000
5724 6846 10000
1744 6237 10000
4031 6133 10000
2314 2864 10000
2031 9249 10000
4681 818 10000
4840 4368 10000
3531 7485 10000
9610 9433 10000
7239 3346 10000
2404 8658 10000
7790 6386 10000
6208 5417 10000
5543 9970 10000
2272 2644 10000
102 2409 10000
3032 855 10000
4554 8768 10000
1554 1199 10000
1484 1683 10000
4570 9320 10000
3872 5905 10000
8210 1985 10000
598 3985 10000
5018 4632 10000
325 8040 10000
8487 6245 10000
9312 5493 10000
1206 4811 10000
5249 6882 10000
3273 8792 10000
1174 8709 10000
8783 4246 10000
893 5333 10000
6363 1012 10000
8567 421 10000
2160 2359 10000
