Cidades:
781 76
604 108
440 151
10 154
22 161
807 163
367 173
264 209
695 215
791 225
827 230
145 231
263 237
93 242
840 243
706 251
639 254
360 255
534 256
164 258
334 259
431 262
19 263
596 263
73 264
212 267
660 267
137 271
464 271
153 272
389 272
707 274
202 275
404 277
423 279
363 280
219 282
375 283
929 283
197 287
764 287
419 288
594 291
908 291
160 295
643 295
813 295
868 295
414 296
696 298
92 300
105 302
151 303
489 304
890 304
180 306
245 308
127 309
394 310
284 312
861 312
206 313
335 315
91 316
479 317
654 317
390 318
999 318
661 319
758 319
829 319
79 321
748 321
578 322
891 322
36 323
796 324
624 325
23 326
452 327
285 328
434 331
677 331
364 332
790 332
169 334
483 334
689 334
318 335
789 335
352 336
347 337
928 337
100 338
501 338
553 339
570 339
669 339
29 341
985 341
71 342
432 342
794 342
223 344
430 345
51 347
809 347
831 347
447 348
651 349
714 349
132 350
513 351
722 351
43 352
282 352
480 352
497 353
182 354
183 354
244 354
470 354
41 355
163 355
769 355
3 356
616 356
960 356
191 357
348 357
870 357
15 358
204 358
300 358
644 358
692 358
194 359
296 359
316 359
44 360
123 360
156 360
158 360
667 360
757 360
759 360
876 360
299 361
527 361
910 361
945 361
175 362
413 362
982 362
572 363
693 363
754 363
895 363
82 364
766 364
774 364
498 365
943 366
278 367
463 367
532 367
614 367
853 368
865 368
63 369
328 369
822 369
860 369
467 370
472 370
523 370
732 370
899 370
297 371
619 371
736 371
84 372
449 372
481 372
504 372
537 372
561 372
612 372
946 372
138 373
512 373
17 374
435 374
27 375
290 375
462 375
715 375
938 375
965 375
823 376
979 376
20 377
455 377
602 377
955 377
87 378
259 379
421 379
583 379
228 380
362 380
560 381
601 381
684 381
931 381
56 382
121 383
135 383
439 383
493 383
947 383
271 384
273 384
344 384
650 384
820 384
939 384
113 385
130 385
365 385
39 386
129 386
329 386
562 386
804 386
882 386
139 387
125 388
355 388
547 388
631 388
681 388
729 388
770 388
933 389
969 389
350 390
405 390
635 390
665 390
848 390
618 391
269 392
398 392
558 392
559 392
983 392
106 393
294 393
368 393
420 393
474 393
630 393
83 394
656 394
471 395
544 395
824 395
941 395
260 396
451 396
514 396
747 396
832 396
95 397
124 397
536 397
653 397
740 397
785 397
802 397
76 398
7 399
657 399
963 399
176 400
326 400
584 400
58 401
74 401
311 401
623 401
636 401
980 401
476 402
776 402
839 402
37 403
261 403
301 403
330 403
427 403
519 403
606 403
792 403
801 403
475 404
637 404
927 404
226 405
325 405
379 405
645 405
906 405
992 405
94 406
166 406
287 406
382 406
664 406
6 407
222 407
227 407
307 407
622 407
295 408
312 408
323 408
574 408
593 408
649 408
658 408
705 408
711 408
762 408
894 408
973 408
45 409
920 409
949 409
213 410
370 410
539 410
634 410
147 411
159 411
262 411
266 411
386 411
836 411
948 411
16 412
98 412
195 412
286 412
319 412
428 412
841 412
86 413
526 413
672 413
702 413
32 414
255 414
387 414
508 414
734 414
922 414
932 414
146 415
186 415
258 415
433 415
461 415
172 416
188 416
477 416
633 416
863 416
896 416
984 416
277 417
281 417
346 417
816 417
234 418
21 419
235 419
251 419
518 419
688 419
78 420
81 420
118 420
272 420
500 420
551 420
856 420
926 420
89 421
291 421
620 421
710 421
320 422
321 423
786 423
881 423
30 424
119 424
142 424
252 424
331 424
713 424
771 424
919 424
184 425
418 425
642 425
871 425
905 425
343 426
579 426
761 426
144 427
232 427
276 427
378 427
460 427
520 427
546 427
746 427
867 427
231 428
342 428
361 429
438 429
567 429
565 430
765 430
800 430
407 431
587 431
591 431
837 431
26 432
317 432
426 432
459 432
270 433
700 433
911 433
936 433
97 434
205 434
844 434
959 434
995 434
511 435
937 435
573 436
918 436
133 437
385 437
603 437
652 437
880 437
49 438
448 438
582 438
605 438
662 438
737 438
289 439
303 439
663 439
679 439
683 439
852 439
59 440
116 440
208 440
566 440
751 440
777 440
874 440
904 440
225 441
268 441
712 441
866 441
958 441
33 442
494 442
496 442
554 442
699 442
900 442
997 442
179 443
209 443
595 443
99 444
571 444
682 444
773 444
833 444
400 445
576 445
240 446
306 446
310 446
443 446
818 446
488 447
828 447
886 447
956 447
986 447
11 448
437 449
541 449
815 449
991 449
107 450
339 450
392 450
515 450
524 450
676 450
217 451
628 451
40 452
396 452
627 452
768 452
819 452
855 452
399 453
502 453
548 453
782 453
42 454
65 454
136 454
211 454
249 454
353 454
358 454
694 454
697 454
772 454
783 454
838 454
229 455
473 455
735 455
165 456
265 456
506 456
531 456
797 456
878 456
879 456
950 456
25 457
425 457
750 457
935 457
18 458
283 458
345 458
456 458
686 458
842 458
239 459
371 459
529 459
395 460
444 460
843 460
859 460
966 460
185 461
190 461
555 461
720 461
730 461
942 461
993 461
450 462
923 462
974 462
246 463
380 463
552 463
131 464
177 464
359 464
613 464
341 465
704 465
64 466
68 466
376 466
417 466
698 466
778 466
869 466
978 466
309 467
563 467
157 468
528 468
617 468
685 468
733 468
210 469
253 469
391 469
416 469
589 469
749 469
35 470
61 470
236 470
691 470
849 470
201 471
314 471
369 471
739 471
308 472
356 472
556 472
564 472
990 472
996 472
1000 472
568 473
884 473
168 474
858 474
422 475
468 475
728 475
409 476
659 476
741 476
24 477
85 477
401 477
70 478
154 478
189 478
200 478
581 478
238 479
586 479
779 479
994 479
478 480
590 480
763 480
897 480
912 480
944 480
161 481
403 481
812 481
907 481
723 482
731 482
46 483
126 483
313 483
509 483
675 483
872 483
322 484
383 484
388 484
857 484
930 484
80 485
88 485
233 485
267 485
760 485
914 485
957 485
178 486
780 486
854 486
248 487
393 487
516 487
673 487
817 487
377 488
953 488
962 488
218 489
952 489
12 490
47 490
230 490
441 490
549 490
725 490
967 490
117 491
214 491
466 491
674 491
902 491
57 492
111 492
901 492
964 492
102 493
522 493
814 493
934 493
216 494
597 494
703 494
187 495
275 495
499 495
981 495
885 496
66 497
487 497
915 497
569 498
727 498
141 499
337 499
490 499
535 499
864 499
38 500
72 500
254 500
332 500
629 500
846 500
140 501
799 501
968 501
305 502
406 502
971 502
718 503
951 503
199 504
540 504
55 505
77 505
304 505
482 505
510 505
708 505
717 505
913 506
446 507
742 507
14 508
608 508
726 508
599 509
888 509
972 509
62 510
625 510
873 510
875 510
903 510
48 511
336 511
917 511
53 512
110 512
122 512
221 512
250 512
598 512
90 513
101 513
338 513
349 513
366 513
530 513
374 514
580 514
52 515
54 517
108 517
31 518
412 518
465 518
237 519
538 519
67 520
220 520
557 520
678 520
808 520
5 521
149 521
550 521
302 522
970 522
196 523
429 523
592 523
646 523
719 523
257 524
324 525
834 525
174 526
495 526
850 526
940 526
607 527
198 528
543 528
96 529
721 529
241 530
2 531
454 531
484 531
609 531
8 532
75 532
162 532
192 532
648 532
743 532
921 532
975 532
507 533
671 533
724 533
533 534
687 534
845 534
424 535
588 535
640 535
767 535
103 536
521 536
810 536
709 537
821 537
274 538
611 538
638 538
242 539
402 539
647 539
453 540
486 540
976 540
445 541
34 542
503 542
892 542
987 542
243 544
354 544
411 544
491 544
152 545
181 545
825 545
372 546
469 546
862 546
989 546
104 547
798 547
397 548
835 548
13 549
293 549
621 549
756 549
408 550
442 550
745 550
788 551
50 553
517 553
315 554
753 554
115 555
847 556
909 557
167 558
666 558
668 558
173 559
351 559
357 559
916 559
109 560
744 560
28 561
170 561
716 561
898 561
112 562
207 563
632 563
924 563
128 565
247 566
805 566
701 567
803 567
811 567
851 567
887 567
288 568
485 568
889 568
9 569
883 570
150 571
256 571
410 571
545 571
436 573
457 573
542 574
381 575
787 575
69 576
333 576
893 576
795 577
155 581
615 581
641 582
775 584
961 585
373 586
298 587
4 588
327 593
738 600
585 602
690 602
415 603
655 604
575 605
600 605
279 606
215 607
806 609
977 610
171 611
193 612
626 612
203 614
458 614
988 615
680 617
998 617
120 619
755 621
280 628
954 628
384 629
224 631
830 633
148 636
670 637
826 637
752 647
925 652
610 653
492 661
877 663
114 674
340 674
577 681
525 692
143 701
134 715
793 722
505 734
60 781
784 803
292 893
