10000
10000
2775 2776
1102 1103
869 870
6145 6146
5134 5135
8693 8694
5449 5450
2420 2421
7362 7363
7979 7980
1702 1703
3972 3973
7554 7555
9177 9178
3766 3767
1475 1476
3359 3360
978 979
2111 2112
5132 5133
595 596
5945 5946
2672 2673
8331 8332
3122 3123
6794 6795
2268 2269
4877 4878
2565 2566
3002 3003
1739 1740
4979 4980
3783 3784
5895 5896
4536 4537
4988 4989
4077 4078
5297 5298
1800 1801
7484 7485
2160 2161
6445 6446
7234 7235
4342 4343
5208 5209
9015 9016
3240 3241
111 112
2960 2961
4022 4023
9628 9629
7384 7385
8962 8963
1013 1014
8939 8940
8665 8666
351 352
3427 3428
298 299
1427 1428
4998 4999
4074 4075
5505 5506
3281 3282
1250 1251
858 859
9855 9856
8017 8018
1383 1384
7021 7022
1926 1927
150 151
6008 6009
2509 2510
3655 3656
2486 2487
5162 5163
7064 7065
2209 2210
5187 5188
7027 7028
3495 3496
7752 7753
583 584
4650 4651
3609 3610
7376 7377
5130 5131
4082 4083
578 579
8722 8723
4869 4870
3198 3199
2007 2008
1762 1763
3017 3018
4837 4838
8463 8464
5105 5106
8134 8135
1775 1776
3247 3248
2221 2222
191 192
4223 4224
7738 7739
7682 7683
8854 8855
3166 3167
3666 3667
9214 9215
1449 1450
5685 5686
883 884
136 137
242 243
1516 1517
1663 1664
6340 6341
480 481
8814 8815
94 95
8698 8699
1313 1314
1542 1543
5968 5969
5384 5385
5376 5377
2461 2462
8136 8137
5509 5510
6003 6004
3911 3912
9074 9075
2428 2429
923 924
9034 9035
7312 7313
2618 2619
8305 8306
2353 2354
6939 6940
2344 2345
7995 7996
5606 5607
2505 2506
3085 3086
5074 5075
6764 6765
9538 9539
880 881
8037 8038
459 460
7616 7617
9771 9772
5251 5252
6065 6066
1016 1017
8128 8129
4957 4958
5292 5293
2337 2338
193 194
7530 7531
3431 3432
3487 3488
9381 9382
4412 4413
8750 8751
1756 1757
373 374
7392 7393
2872 2873
8628 8629
4925 4926
2688 2689
3538 3539
2392 2393
1519 1520
4719 4720
6975 6976
8852 8853
1752 1753
55 56
5092 5093
4240 4241
1654 1655
7047 7048
3248 3249
5346 5347
3779 3780
3850 3851
9522 9523
8232 8233
8625 8626
8802 8803
8330 8331
3302 3303
2247 2248
6135 6136
8982 8983
7150 7151
7680 7681
6699 6700
6061 6062
1343 1344
2112 2113
8065 8066
5499 5500
6808 6809
3785 3786
871 872
3039 3040
9595 9596
9423 9424
2998 2999
56 57
9564 9565
2903 2904
7104 7105
9912 9913
2531 2532
8542 8543
9147 9148
9455 9456
7342 7343
6345 6346
6400 6401
5086 5087
2629 2630
2642 2643
8061 8062
3340 3341
7999 8000
1028 1029
1401 1402
4265 4266
4384 4385
769 770
9329 9330
3206 3207
3270 3271
3007 3008
7456 7457
6261 6262
8325 8326
3742 3743
3312 3313
7248 7249
3301 3302
6777 6778
9732 9733
4492 4493
2312 2313
4871 4872
9352 9353
9472 9473
3839 3840
407 408
4784 4785
3413 3414
1458 1459
1089 1090
7917 7918
7434 7435
7967 7968
658 659
7407 7408
7488 7489
4327 4328
1452 1453
7010 7011
9655 9656
1126 1127
2034 2035
4292 4293
5196 5197
1810 1811
1977 1978
3828 3829
2301 2302
2655 2656
6440 6441
5013 5014
6913 6914
3038 3039
124 125
6507 6508
3956 3957
5470 5471
1180 1181
2137 2138
8631 8632
3685 3686
8098 8099
1921 1922
3703 3704
7792 7793
7006 7007
2965 2966
2842 2843
4210 4211
6160 6161
3310 3311
1806 1807
6602 6603
5145 5146
560 561
9290 9291
1513 1514
2524 2525
1346 1347
1946 1947
1965 1966
291 292
4905 4906
6503 6504
9488 9489
8367 8368
7634 7635
2930 2931
4779 4780
8980 8981
1819 1820
95 96
2741 2742
8264 8265
650 651
3379 3380
5379 5380
8359 8360
1146 1147
7210 7211
3493 3494
3475 3476
1579 1580
4538 4539
4895 4896
2970 2971
3347 3348
5788 5789
7675 7676
8410 8411
5950 5951
7276 7277
4590 4591
3892 3893
8025 8026
7212 7213
5614 5615
5454 5455
6695 6696
4580 4581
9907 9908
1322 1323
9565 9566
4220 4221
5664 5665
6887 6888
3925 3926
998 999
164 165
3894 3895
4907 4908
1522 1523
8899 8900
7346 7347
2510 2511
4417 4418
2808 2809
9911 9912
8460 8461
2440 2441
8288 8289
7178 7179
5826 5827
8699 8700
8714 8715
143 144
9120 9121
5121 5122
3676 3677
8096 8097
3891 3892
6427 6428
1394 1395
732 733
395 396
5683 5684
1751 1752
8265 8266
427 428
771 772
4154 4155
2656 2657
4201 4202
8566 8567
4131 4132
8242 8243
362 363
5243 5244
2280 2281
3044 3045
4452 4453
2546 2547
3702 3703
8676 8677
3096 3097
7730 7731
4309 4310
8202 8203
4514 4515
2093 2094
1331 1332
131 132
9862 9863
4941 4942
5504 5505
9190 9191
7804 7805
5004 5005
729 730
9673 9674
9741 9742
1543 1544
9432 9433
9943 9944
9598 9599
1911 1912
3718 3719
1924 1925
3587 3588
1847 1848
4804 4805
8327 8328
9496 9497
2008 2009
4512 4513
7718 7719
632 633
6258 6259
4195 4196
4909 4910
3540 3541
429 430
8007 8008
5646 5647
7577 7578
963 964
8544 8545
9703 9704
6076 6077
7827 7828
1630 1631
9131 9132
4127 4128
1135 1136
2437 2438
117 118
4629 4630
4913 4914
6770 6771
2025 2026
9482 9483
5078 5079
1835 1836
6919 6920
6121 6122
9776 9777
2737 2738
9403 9404
1041 1042
2210 2211
6580 6581
4937 4938
7906 7907
4912 4913
1070 1071
6750 6751
4926 4927
1042 1043
7643 7644
3147 3148
1441 1442
2571 2572
9652 9653
2834 2835
4636 4637
521 522
6807 6808
4330 4331
9515 9516
2799 2800
3871 3872
8792 8793
1746 1747
1735 1736
6615 6616
5420 5421
5357 5358
8273 8274
1950 1951
9849 9850
5222 5223
40 41
526 527
4701 4702
3634 3635
8889 8890
8306 8307
8409 8410
1226 1227
4781 4782
9149 9150
9638 9639
8073 8074
9589 9590
3938 3939
9269 9270
4040 4041
8269 8270
5720 5721
1348 1349
6802 6803
5428 5429
1692 1693
3712 3713
7825 7826
1058 1059
5060 5061
2282 2283
4642 4643
2523 2524
1871 1872
5778 5779
1012 1013
3434 3435
6641 6642
1934 1935
6499 6500
4997 4998
1493 1494
196 197
2480 2481
4935 4936
652 653
4312 4313
2128 2129
439 440
9901 9902
5570 5571
9411 9412
5002 5003
4854 4855
3164 3165
9239 9240
3349 3350
7504 7505
1880 1881
3478 3479
6290 6291
1418 1419
442 443
3304 3305
202 203
4415 4416
3533 3534
3148 3149
3472 3473
5182 5183
8111 8112
65 66
7722 7723
3124 3125
5095 5096
9032 9033
702 703
8403 8404
4246 4247
1502 1503
4916 4917
3880 3881
1628 1629
8170 8171
7903 7904
6815 6816
7395 7396
5118 5119
6156 6157
3335 3336
2096 2097
9996 9997
7883 7884
8201 8202
2855 2856
4958 4959
731 732
2224 2225
4586 4587
392 393
2233 2234
2135 2136
7004 7005
4819 4820
4030 4031
1602 1603
4635 4636
3499 3500
2410 2411
1201 1202
8640 8641
130 131
8708 8709
6144 6145
2164 2165
7983 7984
3913 3914
8138 8139
8841 8842
2900 2901
9790 9791
5718 5719
7941 7942
5912 5913
1957 1958
5003 5004
7747 7748
6569 6570
3672 3673
852 853
3808 3809
2121 2122
4421 4422
4778 4779
2169 2170
100 101
6710 6711
843 844
275 276
847 848
3701 3702
2178 2179
4964 4965
5911 5912
1838 1839
5961 5962
6640 6641
4459 4460
4055 4056
6210 6211
421 422
8161 8162
7157 7158
4346 4347
8174 8175
8135 8136
6981 6982
3773 3774
9024 9025
2871 2872
1063 1064
2172 2173
486 487
8694 8695
7749 7750
7207 7208
4031 4032
1827 1828
4098 4099
3809 3810
1 2
5401 5402
4287 4288
522 523
2669 2670
2377 2378
5439 5440
8552 8553
4950 4951
890 891
7327 7328
7016 7017
3266 3267
6810 6811
4581 4582
7955 7956
6829 6830
8074 8075
5698 5699
5054 5055
5307 5308
7996 7997
4295 4296
4683 4684
6586 6587
6321 6322
4488 4489
7578 7579
5048 5049
7739 7740
8576 8577
9633 9634
3461 3462
59 60
4672 4673
4086 4087
1591 1592
6713 6714
5061 5062
1240 1241
9916 9917
3395 3396
6661 6662
8366 8367
9944 9945
3058 3059
5525 5526
2189 2190
3841 3842
286 287
8773 8774
2223 2224
5138 5139
641 642
445 446
4326 4327
1229 1230
1843 1844
3214 3215
3426 3427
3818 3819
5280 5281
2937 2938
1387 1388
5681 5682
4726 4727
1290 1291
3429 3430
5133 5134
8085 8086
6470 6471
6793 6794
3929 3930
8415 8416
9457 9458
498 499
8112 8113
4375 4376
175 176
6564 6565
2596 2597
4868 4869
7627 7628
4291 4292
7799 7800
9935 9936
6226 6227
917 918
7773 7774
1335 1336
8243 8244
6253 6254
8767 8768
7507 7508
3520 3521
7205 7206
4432 4433
1952 1953
7283 7284
8039 8040
8307 8308
5628 5629
5608 5609
3239 3240
8603 8604
8855 8856
4394 4395
5493 5494
2751 2752
1842 1843
9517 9518
2720 2721
3837 3838
5050 5051
3576 3577
4153 4154
8650 8651
9820 9821
1743 1744
6839 6840
6758 6759
1772 1773
3736 3737
3989 3990
7263 7264
9251 9252
9900 9901
9076 9077
9768 9769
6744 6745
4381 4382
7802 7803
5640 5641
9396 9397
4667 4668
6048 6049
1890 1891
4353 4354
325 326
5126 5127
9571 9572
194 195
7419 7420
5303 5304
1280 1281
7647 7648
2080 2081
8440 8441
6882 6883
2521 2522
1933 1934
4102 4103
3463 3464
565 566
227 228
3447 3448
3107 3108
58 59
152 153
5867 5868
7951 7952
8090 8091
6094 6095
6669 6670
1925 1926
4547 4548
8940 8941
8094 8095
3314 3315
155 156
7237 7238
4687 4688
8391 8392
272 273
1174 1175
1371 1372
6137 6138
4042 4043
2691 2692
3013 3014
8316 8317
6993 6994
3442 3443
8060 8061
5859 5860
277 278
1277 1278
9676 9677
2724 2725
5225 5226
994 995
4714 4715
2388 2389
4960 4961
1576 1577
8812 8813
1779 1780
4429 4430
7523 7524
9834 9835
7007 7008
2693 2694
3798 3799
3377 3378
4622 4623
9846 9847
9914 9915
5890 5891
9184 9185
5362 5363
6188 6189
7772 7773
3791 3792
576 577
2168 2169
4864 4865
7707 7708
8256 8257
5397 5398
6054 6055
6042 6043
6428 6429
9314 9315
5462 5463
8188 8189
9001 9002
9224 9225
7366 7367
2284 2285
6606 6607
2717 2718
5974 5975
7147 7148
4010 4011
832 833
3504 3505
5109 5110
8057 8058
3 4
764 765
1897 1898
9861 9862
685 686
9473 9474
8935 8936
2543 2544
9599 9600
4557 4558
5152 5153
6139 6140
3829 3830
5937 5938
8752 8753
4951 4952
5214 5215
3883 3884
6971 6972
5797 5798
9004 9005
3102 3103
3867 3868
1267 1268
4238 4239
7813 7814
264 265
5516 5517
5104 5105
532 533
2077 2078
6052 6053
548 549
3686 3687
8589 8590
3466 3467
7737 7738
6252 6253
8153 8154
2592 2593
2286 2287
3479 3480
757 758
9437 9438
7954 7955
1090 1091
6149 6150
6940 6941
7179 7180
8798 8799
8407 8408
7102 7103
876 877
2136 2137
3578 3579
3559 3560
4257 4258
1581 1582
7816 7817
5012 5013
8168 8169
2973 2974
3069 3070
3548 3549
5678 5679
9000 9001
1629 1630
4508 4509
308 309
8945 8946
6246 6247
2343 2344
6843 6844
8102 8103
7054 7055
5918 5919
3130 3131
4115 4116
2728 2729
2296 2297
824 825
6189 6190
8915 8916
960 961
4180 4181
5232 5233
9020 9021
775 776
3895 3896
5170 5171
3233 3234
8438 8439
751 752
5871 5872
357 358
7541 7542
491 492
2603 2604
6058 6059
5348 5349
5637 5638
1183 1184
1894 1895
618 619
3906 3907
1745 1746
9370 9371
7390 7391
1750 1751
2450 2451
8139 8140
7952 7953
1198 1199
7953 7954
4274 4275
7992 7993
5936 5937
1097 1098
1388 1389
8495 8496
4430 4431
6102 6103
3201 3202
6672 6673
7310 7311
4419 4420
9995 9996
1499 1500
2358 2359
2977 2978
749 750
8344 8345
8734 8735
3337 3338
7429 7430
6896 6897
1670 1671
5902 5903
3990 3991
6817 6818
831 832
5960 5961
5783 5784
6366 6367
5726 5727
5075 5076
9478 9479
6796 6797
9562 9563
1947 1948
206 207
7651 7652
8856 8857
4046 4047
9302 9303
9019 9020
848 849
6452 6453
2756 2757
6116 6117
2529 2530
1296 1297
9080 9081
7232 7233
5113 5114
5901 5902
4119 4120
3577 3578
4591 4592
9324 9325
3244 3245
2896 2897
6643 6644
9722 9723
7550 7551
2586 2587
3659 3660
2647 2648
2526 2527
878 879
9543 9544
7848 7849
842 843
3787 3788
7131 7132
3163 3164
8315 8316
5287 5288
698 699
8528 8529
5566 5567
5903 5904
4770 4771
889 890
3371 3372
7133 7134
9509 9510
4283 4284
6771 6772
6311 6312
7658 7659
9495 9496
7850 7851
1759 1760
4052 4053
8342 8343
1912 1913
2567 2568
6601 6602
6522 6523
4406 4407
5398 5399
6216 6217
706 707
4207 4208
9713 9714
7116 7117
5339 5340
7974 7975
4072 4073
1764 1765
5736 5737
2385 2386
1374 1375
5217 5218
2161 2162
9106 9107
2699 2700
1111 1112
9552 9553
4881 4882
6967 6968
9223 9224
6358 6359
5658 5659
9062 9063
4093 4094
8220 8221
6130 6131
1445 1446
9989 9990
1509 1510
9979 9980
9312 9313
7920 7921
5567 5568
1960 1961
5878 5879
1034 1035
3600 3601
9577 9578
3624 3625
1982 1983
6389 6390
6962 6963
9637 9638
1506 1507
8810 8811
933 934
8931 8932
3028 3029
1036 1037
547 548
5572 5573
4721 4722
7036 7037
2777 2778
9745 9746
6155 6156
3022 3023
2317 2318
6555 6556
3207 3208
6901 6902
6154 6155
5453 5454
5019 5020
1748 1749
3344 3345
3653 3654
8089 8090
1657 1658
4448 4449
4095 4096
4853 4854
352 353
4847 4848
3336 3337
3632 3633
3848 3849
4332 4333
2157 2158
403 404
818 819
465 466
7583 7584
1195 1196
224 225
5124 5125
8843 8844
2742 2743
1660 1661
6572 6573
3968 3969
8572 8573
9181 9182
3512 3513
2183 2184
3770 3771
1572 1573
3033 3034
4476 4477
250 251
2995 2996
8127 8128
270 271
4221 4222
1915 1916
6387 6388
8207 8208
1821 1822
6170 6171
3995 3996
8872 8873
796 797
6327 6328
8445 8446
5679 5680
5670 5671
6657 6658
1917 1918
972 973
3086 3087
8609 8610
159 160
331 332
4991 4992
185 186
7203 7204
3024 3025
2415 2416
4664 4665
4601 4602
2124 2125
2359 2360
6181 6182
7481 7482
8218 8219
8783 8784
9662 9663
9893 9894
5455 5456
8357 8358
8869 8870
6498 6499
4990 4991
2528 2529
8894 8895
3353 3354
7652 7653
862 863
5932 5933
2098 2099
2273 2274
9982 9983
3971 3972
3236 3237
8352 8353
3697 3698
4439 4440
1175 1176
8223 8224
1186 1187
9791 9792
34 35
8737 8738
4264 4265
3924 3925
6169 6170
6081 6082
8268 8269
8829 8830
8123 8124
4138 4139
9166 9167
7570 7571
8564 8565
6475 6476
1072 1073
3110 3111
3981 3982
7399 7400
425 426
5915 5916
499 500
7657 7658
9205 9206
334 335
8880 8881
9920 9921
9039 9040
4651 4652
1544 1545
6245 6246
9360 9361
4256 4257
1736 1737
1554 1555
90 91
8985 8986
7857 7858
3119 3120
3406 3407
4855 4856
8614 8615
8817 8818
3716 3717
717 718
4048 4049
8046 8047
934 935
5429 5430
2009 2010
8329 8330
8360 8361
5198 5199
2463 2464
4552 4553
9198 9199
7398 7399
7343 7344
3321 3322
7724 7725
7832 7833
950 951
7459 7460
555 556
474 475
9272 9273
2867 2868
8646 8647
6119 6120
1203 1204
9803 9804
3803 3804
1966 1967
3060 3061
6208 6209
7622 7623
7151 7152
7322 7323
8691 8692
5369 5370
619 620
6388 6389
9371 9372
5103 5104
3089 3090
1855 1856
779 780
8231 8232
7755 7756
2774 2775
9333 9334
4487 4488
3757 3758
1879 1880
9636 9637
463 464
7733 7734
9806 9807
7228 7229
9891 9892
5714 5715
3869 3870
4771 4772
1906 1907
7798 7799
1294 1295
5657 5658
6514 6515
1540 1541
5992 5993
2931 2932
6979 6980
7914 7915
4080 4081
7997 7998
1986 1987
3563 3564
720 721
4654 4655
8531 8532
1329 1330
6098 6099
2389 2390
2264 2265
2033 2034
6973 6974
7337 7338
4316 4317
9888 9889
7659 7660
9323 9324
6114 6115
8324 8325
1434 1435
5822 5823
3639 3640
5422 5423
1535 1536
2156 2157
6346 6347
9536 9537
6551 6552
361 362
7374 7375
7928 7929
1228 1229
6730 6731
6509 6510
87 88
533 534
2150 2151
85 86
1022 1023
6349 6350
4121 4122
2171 2172
9070 9071
1631 1632
6460 6461
4114 4115
4993 4994
4845 4846
8420 8421
4354 4355
7589 7590
7261 7262
8293 8294
4884 4885
3179 3180
7097 7098
865 866
9534 9535
2232 2233
7991 7992
5055 5056
9605 9606
4434 4435
2891 2892
2539 2540
1755 1756
9604 9605
4699 4700
6408 6409
7964 7965
1177 1178
8715 8716
313 314
1397 1398
4110 4111
6120 6121
8337 8338
805 806
230 231
7942 7943
1106 1107
8209 8210
6415 6416
8443 8444
2429 2430
946 947
3208 3209
316 317
1854 1855
4162 4163
4983 4984
9424 9425
5933 5934
7018 7019
5226 5227
1292 1293
3174 3175
4382 4383
8577 8578
4281 4282
5168 5169
4318 4319
7788 7789
7576 7577
2177 2178
8705 8706
5910 5911
7019 7020
592 593
762 763
7692 7693
7204 7205
1172 1173
5245 5246
2974 2975
6556 6557
5408 5409
4142 4143
1997 1998
8464 8465
7916 7917
7299 7300
6006 6007
7224 7225
6001 6002
1289 1290
7161 7162
1101 1102
5510 5511
1469 1470
1215 1216
1895 1896
48 49
1783 1784
9316 9317
7810 7811
3617 3618
3186 3187
4472 4473
4464 4465
5949 5950
88 89
1570 1571
6739 6740
8165 8166
223 224
7842 7843
9168 9169
3619 3620
5524 5525
9487 9488
4810 4811
4984 4985
3767 3768
9191 9192
6738 6739
6716 6717
9583 9584
5669 5670
7012 7013
2636 2637
3090 3091
6134 6135
4816 4817
5159 5160
4665 4666
4793 4794
8442 8443
801 802
3881 3882
8341 8342
6947 6948
7958 7959
5360 5361
7763 7764
2158 2159
8276 8277
3494 3495
5807 5808
6541 6542
7177 7178
7072 7073
7126 7127
2129 2130
7833 7834
9226 9227
1160 1161
1242 1243
9042 9043
6364 6365
8862 8863
1162 1163
1402 1403
8861 8862
6958 6959
4146 4147
1919 1920
3012 3013
5383 5384
8461 8462
4904 4905
4104 4105
5460 5461
7518 7519
3525 3526
1471 1472
3081 3082
8970 8971
3648 3649
6301 6302
46 47
1683 1684
7565 7566
1435 1436
5581 5582
7422 7423
9123 9124
5810 5811
7325 7326
1233 1234
3094 3095
7820 7821
1608 1609
6146 6147
2001 2002
77 78
5179 5180
9750 9751
9093 9094
8506 8507
4978 4979
4626 4627
8393 8394
4652 4653
6103 6104
7052 7053
1293 1294
5496 5497
8921 8922
9540 9541
5018 5019
6028 6029
9699 9700
541 542
113 114
4563 4564
725 726
7216 7217
2568 2569
3029 3030
5781 5782
3519 3520
3209 3210
777 778
7290 7291
3171 3172
590 591
6106 6107
4733 4734
5129 5130
2180 2181
9696 9697
2195 2196
7089 7090
2582 2583
5286 5287
4933 4934
2768 2769
8121 8122
6504 6505
6706 6707
6093 6094
770 771
5702 5703
6180 6181
9139 9140
419 420
6622 6623
513 514
7765 7766
8424 8425
5316 5317
5469 5470
1311 1312
3699 3700
1685 1686
8414 8415
1202 1203
2479 2480
1244 1245
5775 5776
3760 3761
4253 4254
9627 9628
2920 2921
1410 1411
5253 5254
4395 4396
3084 3085
7282 7283
167 168
8362 8363
4657 4658
9273 9274
5787 5788
4646 4647
336 337
9458 9459
5099 5100
9502 9503
7506 7507
5724 5725
3580 3581
976 977
7761 7762
3728 3729
3763 3764
8527 8528
3120 3121
5876 5877
5341 5342
2406 2407
4883 4884
4808 4809
437 438
9127 9128
9377 9378
9197 9198
4640 4641
4936 4937
5573 5574
279 280
9363 9364
7784 7785
8804 8805
3286 3287
3157 3158
5946 5947
5979 5980
912 913
7035 7036
755 756
7029 7030
6704 6705
6518 6519
3173 3174
5982 5983
1495 1496
6158 6159
1217 1218
1221 1222
6493 6494
7943 7944
6809 6810
3076 3077
4866 4867
5586 5587
9154 9155
1302 1303
6585 6586
8181 8182
8954 8955
4303 4304
7319 7320
5601 5602
422 423
7671 7672
8258 8259
9327 9328
8827 8828
3810 3811
138 139
1633 1634
3025 3026
4585 4586
4526 4527
4952 4953
4130 4131
5969 5970
727 728
5451 5452
9646 9647
3341 3342
5065 5066
7432 7433
4826 4827
5957 5958
7629 7630
9658 9659
5144 5145
2988 2989
1429 1430
335 336
304 305
8451 8452
8225 8226
5000 5001
4465 4466
8020 8021
1150 1151
3638 3639
2619 2620
2130 2131
5053 5054
1533 1534
8587 8588
3351 3352
8525 8526
9108 9109
6195 6196
5633 5634
6465 6466
7471 7472
4902 4903
5185 5186
4470 4471
5662 5663
908 909
2298 2299
9270 9271
4272 4273
2367 2368
8944 8945
1563 1564
3277 3278
4191 4192
4064 4065
589 590
9630 9631
6621 6622
3498 3499
1360 1361
989 990
1003 1004
1206 1207
3373 3374
4887 4888
4410 4411
6766 6767
5480 5481
1987 1988
9111 9112
8842 8843
4900 4901
574 575
5157 5158
1988 1989
7759 7760
867 868
8432 8433
6100 6101
6072 6073
482 483
9492 9493
9150 9151
2265 2266
1168 1169
5256 5257
1929 1930
1848 1849
9040 9041
6954 6955
9225 9226
7127 7128
6524 6525
4817 4818
2502 2503
9700 9701
4468 4469
9546 9547
3482 3483
2058 2059
2789 2790
9133 9134
8176 8177
7134 7135
1744 1745
7109 7110
7774 7775
696 697
1719 1720
1614 1615
4347 4348
2084 2085
4728 4729
2081 2082
8164 8165
7009 7010
6423 6424
2719 2720
4150 4151
4273 4274
7129 7130
6037 6038
1323 1324
6374 6375
7542 7543
6343 6344
5059 5060
4551 4552
9468 9469
4747 4748
609 610
8963 8964
1635 1636
8911 8912
5862 5863
3646 3647
9215 9216
2797 2798
8825 8826
5844 5845
5030 5031
6909 6910
81 82
6354 6355
3484 3485
2788 2789
4237 4238
2432 2433
4724 4725
3293 3294
9389 9390
7409 7410
5189 5190
6676 6677
6540 6541
628 629
6649 6650
2476 2477
7316 7317
2108 2109
5790 5791
853 854
3625 3626
6636 6637
6159 6160
8457 8458
1246 1247
7806 7807
4091 4092
1456 1457
4658 4659
4506 4507
1253 1254
7529 7530
3360 3361
4921 4922
7559 7560
6627 6628
8145 8146
5892 5893
5375 5376
9675 9676
7775 7776
1170 1171
708 709
4599 4600
9297 9298
6214 6215
123 124
7796 7797
3036 3037
3731 3732
3842 3843
6478 6479
8183 8184
47 48
1780 1781
3327 3328
2776 2777
457 458
2905 2906
9537 9538
3061 3062
9880 9881
758 759
7189 7190
5141 5142
3814 3815
6711 6712
4229 4230
1598 1599
4126 4127
2615 2616
1586 1587
6900 6901
1338 1339
1556 1557
9712 9713
3056 3057
7013 7014
8497 8498
8446 8447
3607 3608
2758 2759
6534 6535
1408 1409
1282 1283
701 702
4217 4218
4833 4834
2823 2824
2475 2476
6924 6925
8396 8397
1301 1302
8648 8649
4109 4110
1527 1528
6922 6923
78 79
8417 8418
2347 2348
1075 1076
7532 7533
9072 9073
3361 3362
6472 6473
4838 4839
5786 5787
3333 3334
2859 2860
7280 7281
4279 4280
600 601
512 513
287 288
5047 5048
8748 8749
6420 6421
648 649
2639 2640
6729 6730
8758 8759
4118 4119
4338 4339
3313 3314
6247 6248
8150 8151
2795 2796
2785 2786
1260 1261
3091 3092
3722 3723
715 716
9954 9955
9061 9062
8779 8780
2765 2766
721 722
1026 1027
4398 4399
1564 1565
8234 8235
3273 3274
68 69
975 976
7703 7704
8541 8542
7103 7104
2990 2991
5072 5073
3348 3349
1588 1589
253 254
9369 9370
1269 1270
3549 3550
2895 2896
4607 4608
4259 4260
8815 8816
1205 1206
6192 6193
3473 3474
9739 9740
328 329
9383 9384
6728 6729
1884 1885
220 221
536 537
2610 2611
1994 1995
4571 4572
1185 1186
4670 4671
3807 3808
8738 8739
3665 3666
4647 4648
1940 1941
5823 5824
7569 7570
1271 1272
2186 2187
637 638
7354 7355
8075 8076
1731 1732
6173 6174
1610 1611
9384 9385
5373 5374
5443 5444
5574 5575
9180 9181
6004 6005
9642 9643
3740 3741
9339 9340
2999 3000
5094 5095
6956 6957
6336 6337
6617 6618
2877 2878
6386 6387
3082 3083
3023 3024
6949 6950
8196 8197
3720 3721
9368 9369
374 375
1285 1286
2890 2891
6972 6973
3647 3648
1599 1600
5814 5815
8233 8234
746 747
9499 9500
2946 2947
319 320
8545 8546
1391 1392
4823 4824
6781 6782
6403 6404
4897 4898
8791 8792
4049 4050
1956 1957
9153 9154
7 8
3606 3607
1430 1431
7385 7386
1225 1226
3412 3413
462 463
7118 7119
3416 3417
5634 5635
9375 9376
8659 8660
2954 2955
1426 1427
8761 8762
114 115
2132 2133
3704 3705
4479 4480
7767 7768
3382 3383
1927 1928
3032 3033
8632 8633
9134 9135
2131 2132
5542 5543
2713 2714
6178 6179
5547 5548
8913 8914
1118 1119
9933 9934
2188 2189
7225 7226
2796 2797
3878 3879
1307 1308
9023 9024
1454 1455
1262 1263
2055 2056
5315 5316
6163 6164
5319 5320
9022 9023
7593 7594
60 61
3276 3277
1380 1381
6049 6050
1156 1157
3539 3540
4011 4012
3618 3619
4822 4823
9258 9259
4233 4234
6883 6884
5163 5164
8912 8913
6756 6757
2060 2061
8386 8387
3083 3084
3262 3263
1291 1292
1747 1748
4673 4674
617 618
4205 4206
7124 7125
9793 9794
7338 7339
8088 8089
3087 3088
2556 2557
8551 8552
8406 8407
851 852
2620 2621
8059 8060
8922 8923
6945 6946
886 887
1558 1559
135 136
6013 6014
733 734
3506 3507
7008 7009
2094 2095
6997 6998
222 223
3601 3602
9075 9076
1508 1509
3996 3997
3125 3126
366 367
2176 2177
9208 9209
199 200
9969 9970
1019 1020
8309 8310
4079 4080
2612 2613
2878 2879
8826 8827
5070 5071
5183 5184
208 209
3862 3863
1638 1639
2362 2363
7568 7569
4305 4306
4329 4330
7639 7640
2516 2517
7140 7141
8865 8866
2092 2093
8709 8710
1389 1390
385 386
9318 9319
899 900
400 401
8191 8192
7137 7138
6879 6880
4222 4223
5120 5121
2325 2326
8462 8463
564 565
8261 8262
7277 7278
1412 1413
9033 9034
3486 3487
7949 7950
1703 1704
3366 3367
2357 2358
7676 7677
1190 1191
5514 5515
6441 6442
2254 2255
27 28
1585 1586
5483 5484
477 478
7383 7384
1592 1593
6457 6458
8857 8858
4033 4034
7757 7758
7911 7912
5230 5231
4949 4950
4593 4594
8858 8859
3517 3518
3396 3397
6351 6352
1232 1233
6579 6580
7978 7979
8120 8121
4523 4524
6484 6485
7065 7066
957 958
216 217
1492 1493
4343 4344
9629 9630
7591 7592
3564 3565
6557 6558
7023 7024
6331 6332
6600 6601
1411 1412
2076 2077
8627 8628
2961 2962
7340 7341
3597 3598
4801 4802
2407 2408
1914 1915
7669 7670
973 974
6127 6128
9067 9068
9328 9329
3705 3706
1767 1768
6211 6212
6761 6762
1099 1100
2384 2385
3117 3118
4244 4245
5734 5735
1055 1056
471 472
3283 3284
7239 7240
3464 3465
1027 1028
2778 2779
6243 6244
927 928
2455 2456
2413 2414
3250 3251
2290 2291
3057 3058
5731 5732
5107 5108
4515 4516
9454 9455
1790 1791
2246 2247
4271 4272
8496 8497
8048 8049
3462 3463
3531 3532
3303 3304
6198 6199
2537 2538
6806 6807
6516 6517
2351 2352
8570 8571
4071 4072
6129 6130
9358 9359
7408 7409
1587 1588
8599 8600
1905 1906
8363 8364
5616 5617
6233 6234
3909 3910
2184 2185
1037 1038
8671 8672
9254 9255
926 927
5057 5058
6625 6626
4677 4678
2220 2221
4400 4401
1776 1777
7309 7310
7896 7897
9853 9854
6658 6659
3298 3299
8555 8556
6398 6399
5140 5141
228 229
7994 7995
6768 6769
4685 4686
5973 5974
9462 9463
283 284
9826 9827
4481 4482
1483 1484
6838 6839
1908 1909
3662 3663
962 963
4280 4281
6104 6105
3677 3678
103 104
8925 8926
659 660
8477 8478
8002 8003
8875 8876
4999 5000
5406 5407
3510 3511
7688 7689
4809 4810
2894 2895
6590 6591
6483 6484
4618 4619
9304 9305
1667 1668
7505 7506
6300 6301
231 232
3802 3803
5127 5128
8184 8185
1620 1621
2242 2243
7300 7301
1828 1829
3613 3614
7648 7649
2349 2350
6891 6892
353 354
6616 6617
5151 5152
6964 6965
2042 2043
504 505
3591 3592
3822 3823
9486 9487
3308 3309
4211 4212
5273 5274
5043 5044
1124 1125
8109 8110
4099 4100
9380 9381
9576 9577
855 856
9694 9695
6329 6330
9341 9342
6679 6680
1640 1641
5458 5459
2692 2693
356 357
5821 5822
570 571
5774 5775
7636 7637
3987 3988
918 919
6845 6846
9848 9849
5619 5620
6461 6462
3696 3697
8392 8393
7078 7079
6811 6812
6060 6061
5242 5243
8833 8834
7063 7064
1460 1461
5959 5960
7534 7535
7922 7923
2082 2083
2503 2504
9264 9265
9475 9476
9937 9938
2530 2531
1157 1158
9221 9222
4469 4470
4865 4866
3422 3423
415 416
7251 7252
7655 7656
615 616
1825 1826
1025 1026
8619 8620
7711 7712
1979 1980
9632 9633
2469 2470
9232 9233
3323 3324
3219 3220
3385 3386
2304 2305
6609 6610
6124 6125
6920 6921
5725 5726
6458 6459
128 129
3500 3501
4886 4887
7791 7792
8600 8601
2412 2413
6019 6020
9058 9059
5802 5803
9946 9947
8929 8930
7485 7486
9282 9283
9129 9130
271 272
9009 9010
5399 5400
2090 2091
4606 4607
4663 4664
1304 1305
2597 2598
3129 3130
2849 2850
6536 6537
6681 6682
3536 3537
4578 4579
9346 9347
6370 6371
5083 5084
2250 2251
9413 9414
8678 8679
6857 6858
802 803
6140 6141
9812 9813
1824 1825
3633 3634
8529 8530
4915 4916
7588 7589
645 646
4393 4394
2068 2069
6946 6947
8946 8947
7428 7429
132 133
6342 6343
3991 3992
4339 4340
7211 7212
6645 6646
3134 3135
6432 6433
5881 5882
9090 9091
8559 8560
7829 7830
722 723
3928 3929
9619 9620
3118 3119
489 490
7736 7737
8167 8168
7841 7842
2828 2829
8539 8540
6776 6777
4322 4323
5621 5622
6230 6231
7313 7314
633 634
6447 6448
7885 7886
5644 5645
5135 5136
3452 3453
7044 7045
2149 2150
1655 1656
6339 6340
380 381
9057 9058
7474 7475
2391 2392
5872 5873
5660 5661
9084 9085
9460 9461
4856 4857
1138 1139
4380 4381
3374 3375
3000 3001
7904 7905
5694 5695
2910 2911
9942 9943
9031 9032
2562 2563
625 626
5415 5416
9738 9739
9797 9798
1866 1867
397 398
6271 6272
1590 1591
360 361
6714 6715
9261 9262
2659 2660
5827 5828
3284 3285
4938 4939
7106 7107
3229 3230
9936 9937
6024 6025
1938 1939
6683 6684
6881 6882
8674 8675
2035 2036
7614 7615
38 39
5948 5949
3545 3546
7950 7951
6264 6265
4463 4464
7174 7175
9161 9162
7540 7541
7751 7752
3491 3492
859 860
8465 8466
7936 7937
4797 4798
4624 4625
19 20
1487 1488
8345 8346
140 141
3528 3529
315 316
3823 3824
5752 5753
9476 9477
9253 9254
6987 6988
6486 6487
21 22
7379 7380
5410 5411
74 75
6215 6216
1794 1795
5743 5744
5334 5335
1645 1646
8961 8962
5984 5985
1319 1320
2635 2636
1128 1129
3059 3060
4462 4463
5507 5508
3830 3831
4783 4784
4772 4773
9105 9106
6691 6692
7625 7626
3920 3921
9631 9632
2489 2490
3383 3384
7960 7961
4946 4947
1511 1512
803 804
3573 3574
566 567
635 636
6033 6034
8968 8969
9747 9748
9915 9916
2460 2461
6630 6631
3159 3160
817 818
5197 5198
9101 9102
9783 9784
4507 4508
2147 2148
6021 6022
2557 2558
2408 2409
8662 8663
3630 3631
1937 1938
7869 7870
8214 8215
2956 2957
1557 1558
6491 6492
875 876
7253 7254
3596 3597
6369 6370
4939 4940
4749 4750
2803 2804
7536 7537
404 405
606 607
8886 8887
6646 6647
8031 8032
96 97
9151 9152
3796 3797
5089 5090
2787 2788
3621 3622
252 253
799 800
1330 1331
809 810
9365 9366
9306 9307
1962 1963
9986 9987
1801 1802
7678 7679
3074 3075
4671 4672
9049 9050
3817 3818
7090 7091
5114 5115
9118 9119
4676 4677
7306 7307
655 656
1786 1787
8287 8288
6034 6035
2196 2197
5320 5321
7175 7176
9287 9288
549 550
6287 6288
4777 4778
4974 4975
7895 7896
3162 3163
9665 9666
8036 8037
6396 6397
5675 5676
431 432
9186 9187
5298 5299
1923 1924
3405 3406
4516 4517
2869 2870
2376 2377
3574 3575
6217 6218
2261 2262
5584 5585
2814 2815
3834 3835
5139 5140
7015 7016
9169 9170
7077 7078
5772 5773
629 630
4179 4180
9429 9430
9301 9302
4537 4538
4510 4511
7172 7173
1321 1322
2784 2785
9055 9056
438 439
7388 7389
1784 1785
4061 4062
4818 4819
5809 5810
3984 3985
3393 3394
7348 7349
7296 7297
9809 9810
8489 8490
7025 7026
5846 5847
6863 6864
4428 4429
7846 7847
9438 9439
4344 4345
6948 6949
9981 9982
8272 8273
9392 9393
9941 9942
2097 2098
4520 4521
17 18
6895 6896
4124 4125
8973 8974
1877 1878
9132 9133
2473 2474
5125 5126
9551 9552
3481 3482
7132 7133
3945 3946
6992 6993
6165 6166
2057 2058
3941 3942
3593 3594
7887 7888
2941 2942
7120 7121
162 163
2506 2507
8898 8899
9972 9973
7826 7827
3694 3695
3865 3866
5630 5631
8807 8808
8799 8800
2447 2448
1831 1832
4954 4955
6547 6548
1327 1328
7215 7216
5784 5785
3073 3074
5367 5368
7982 7983
5011 5012
2458 2459
8656 8657
5600 5601
3526 3527
1450 1451
6474 6475
1000 1001
3465 3466
9774 9775
9603 9604
3936 3937
7531 7532
8951 8952
1476 1477
4377 4378
9660 9661
502 503
6930 6931
3840 3841
4005 4006
9513 9514
3369 3370
6280 6281
9162 9163
3261 3262
1531 1532
1238 1239
4519 4520
4795 4796
4307 4308
4524 4525
3569 3570
1830 1831
6451 6452
788 789
9926 9927
8937 8938
6332 6333
7866 7867
7041 7042
2335 2336
2288 2289
5741 5742
8302 8303
8670 8671
8248 8249
9767 9768
7130 7131
1021 1022
205 206
9730 9731
6907 6908
6108 6109
6892 6893
9882 9883
9925 9926
2329 2330
3852 3853
9477 9478
6597 6598
9873 9874
2695 2696
9557 9558
1094 1095
8633 8634
6053 6054
2781 2782
5181 5182
1771 1772
7746 7747
6442 6443
8719 8720
3652 3653
1712 1713
3098 3099
470 471
9620 9621
1693 1694
2862 2863
2857 2858
6255 6256
6819 6820
168 169
6775 6776
7641 7642
4134 4135
3388 3389
1944 1945
1724 1725
3288 3289
7482 7483
4501 4502
8553 8554
7437 7438
7451 7452
7028 7029
5837 5838
9456 9457
7363 7364
2125 2126
7873 7874
430 431
2368 2369
3165 3166
6779 6780
1109 1110
7727 7728
1713 1714
4183 4184
919 920
3346 3347
5590 5591
9650 9651
9684 9685
9503 9504
3851 3852
7574 7575
734 735
4349 4350
3553 3554
151 152
2120 2121
2075 2076
9906 9907
8860 8861
2952 2953
844 845
9467 9468
1407 1408
4893 4894
4092 4093
1992 1993
7349 7350
7424 7425
1308 1309
2945 2946
7573 7574
2182 2183
7977 7978
6051 6052
5578 5579
8093 8094
3299 3300
8616 8617
5285 5286
5813 5814
8215 8216
5411 5412
3154 3155
688 689
4297 4298
1859 1860
7516 7517
3976 3977
441 442
4012 4013
1178 1179
337 338
5860 5861
774 775
342 343
8498 8499
1382 1383
6631 6632
490 491
9945 9946
1372 1373
1029 1030
3217 3218
6099 6100
1142 1143
4511 4512
1666 1667
2923 2924
2804 2805
2798 2799
6344 6345
8422 8423
3658 3659
9295 9296
5467 5468
387 388
3305 3306
8556 8557
3579 3580
9859 9860
7876 7877
6991 6992
2916 2917
9137 9138
7970 7971
4811 4812
1337 1338
3064 3065
1796 1797
8210 8211
9428 9429
7254 7255
6385 6386
7725 7726
1600 1601
5716 5717
900 901
1381 1382
6757 6758
9045 9046
4668 4669
2844 2845
4108 4109
5944 5945
9266 9267
6988 6989
1332 1333
6849 6850
6328 6329
5562 5563
2650 2651
949 950
3735 3736
9325 9326
3279 3280
4509 4510
5925 5926
4788 4789
2022 2023
4425 4426
2718 2719
8485 8486
5805 5806
4248 4249
8879 8880
5777 5778
8685 8686
182 183
6682 6683
2462 2463
5971 5972
3477 3478
7478 7479
2396 2397
9231 9232
6582 6583
9010 9011
2671 2672
7336 7337
2405 2406
166 167
6285 6286
5215 5216
9102 9103
3535 3536
8335 8336
4171 4172
8602 8603
1549 1550
7208 7209
1091 1092
551 552
2605 2606
9274 9275
1182 1183
3777 3778
8178 8179
8314 8315
2266 2267
9461 9462
256 257
7252 7253
8712 8713
4300 4301
8654 8655
4009 4010
3846 3847
5535 5536
5261 5262
7247 7248
5715 5716
1247 1248
5983 5984
6604 6605
6890 6891
7863 7864
125 126
679 680
6763 6764
1876 1877
1983 1984
5543 5544
846 847
9829 9830
5461 5462
7067 7068
3476 3477
2880 2881
7061 7062
2095 2096
4441 4442
2477 2478
6219 6220
2703 2704
1306 1307
7387 7388
5468 5469
9835 9836
4787 4788
7490 7491
9707 9708
1978 1979
3854 3855
1406 1407
699 700
8554 8555
2393 2394
3228 3229
8998 8999
2806 2807
393 394
8986 8987
4414 4415
7098 7099
5771 5772
7271 7272
453 454
9898 9899
1818 1819
4213 4214
3532 3533
2623 2624
8888 8889
7402 7403
2950 2951
1753 1754
2538 2539
6464 6465
5474 5475
9753 9754
8924 8925
7470 7471
5792 5793
9046 9047
4681 4682
7256 7257
714 715
6043 6044
6898 6899
1428 1429
8511 8512
169 170
9843 9844
487 488
3104 3105
2666 2667
4518 4519
6298 6299
2017 2018
8558 8559
9988 9989
4426 4427
9406 9407
2518 2519
6783 6784
5017 5018
5343 5344
1577 1578
5894 5895
3004 3005
2269 2270
1227 1228
4577 4578
6749 6750
8015 8016
5760 5761
9521 9522
2003 2004
9281 9282
7412 7413
1462 1463
8383 8384
8520 8521
8369 8370
2886 2887
5967 5968
6289 6290
2866 2867
3595 3596
8044 8045
8892 8893
2762 2763
2283 2284
5522 5523
3575 3576
8171 8172
3856 3857
1230 1231
5437 5438
8370 8371
9858 9859
2760 2761
9740 9741
8014 8015
7919 7920
4723 4724
8473 8474
6506 6507
1869 1870
9485 9486
1754 1755
2467 2468
7114 7115
8716 8717
3180 3181
2613 2614
1018 1019
3727 3728
9442 9443
9844 9845
6751 6752
3885 3886
4103 4104
9110 9111
7308 7309
1948 1949
9817 9818
4992 4993
406 407
311 312
6652 6653
8297 8298
6599 6600
4368 4369
2117 2118
7756 7757
1763 1764
3269 3270
922 923
6888 6889
5324 5325
5690 5691
7039 7040
5359 5360
4584 4585
6648 6649
6921 6922
5336 5337
713 714
7537 7538
6571 6572
8160 8161
9788 9789
7897 7898
3620 3621
1675 1676
7624 7625
1612 1613
424 425
3979 3980
2355 2356
3657 3658
8480 8481
790 791
9308 9309
930 931
7552 7553
1817 1818
5828 5829
9983 9984
4675 4676
5100 5101
1257 1258
4533 4534
7231 7232
2056 2057
2917 2918
7522 7523
1100 1101
2595 2596
1105 1106
3402 3403
3875 3876
1352 1353
4002 4003
3661 3662
2731 2732
6903 6904
3093 3094
9842 9843
6368 6369
5673 5674
4903 4904
9955 9956
1209 1210
3806 3807
5279 5280
8907 8908
3514 3515
5753 5754
6878 6879
2680 2681
8278 8279
3873 3874
643 644
913 914
455 456
5220 5221
907 908
4910 4911
7892 7893
3914 3915
4739 4740
9828 9829
447 448
1691 1692
9990 9991
9520 9521
9749 9750
1571 1572
218 219
3263 3264
6872 6873
5899 5900
4028 4029
8474 8475
5898 5899
7684 7685
639 640
3458 3459
6859 6860
9450 9451
9872 9873
5830 5831
2685 2686
2753 2754
3375 3376
5143 5144
8948 8949
4644 4645
8928 8929
7930 7931
690 691
2831 2832
346 347
8788 8789
8286 8287
2449 2450
4994 4995
2807 2808
7673 7674
6039 6040
3234 3235
543 544
9802 9803
4565 4566
5064 5065
965 966
2899 2900
6471 6472
4920 4921
1574 1575
5071 5072
6323 6324
9300 9301
3799 3800
4446 4447
1235 1236
6813 6814
5554 5555
8583 8584
2248 2249
7049 7050
3805 3806
9240 9241
7901 7902
8524 8525
4160 4161
936 937
4065 4066
2023 2024
4497 4498
3432 3433
6391 6392
7473 7474
7413 7414
6864 6865
1561 1562
2173 2174
1004 1005
9567 9568
3331 3332
6720 6721
9029 9030
468 469
42 43
1023 1024
9668 9669
7355 7356
5355 5356
2944 2945
1999 2000
4852 4853
7525 7526
9602 9603
8759 8760
5154 5155
9974 9975
2554 2555
3047 3048
6231 6232
4693 4694
8877 8878
2452 2453
4392 4393
5492 5493
5186 5187
6394 6395
6494 6495
4401 4402
1001 1002
2957 2958
4973 4974
1546 1547
6234 6235
8180 8181
2364 2365
5642 5643
8280 8281
4934 4935
6795 6796
709 710
2037 2038
2726 2727
3551 3552
3126 3127
8300 8301
6837 6838
4830 4831
8661 8662
6769 6770
2235 2236
5998 5999
6568 6569
8091 8092
9165 9166
8887 8888
2608 2609
4003 4004
4403 4404
5184 5185
4194 4195
4980 4981
5610 5611
4261 4262
1671 1672
2431 2432
1605 1606
7840 7841
660 661
8484 8485
2170 2171
4528 4529
2702 2703
9724 9725
2513 2514
4337 4338
9610 9611
974 975
6281 6282
2848 2849
3378 3379
4477 4478
9808 9809
9985 9986
8490 8491
4738 4739
5544 5545
534 535
6025 6026
825 826
5815 5816
2228 2229
3795 3796
4450 4451
7685 7686
2046 2047
9799 9800
3439 3440
363 364
8431 8432
8972 8973
6934 6935
4067 4068
6614 6615
2287 2288
5563 5564
8346 8347
8996 8997
1086 1087
9868 9869
9823 9824
4284 4285
9247 9248
6136 6137
1710 1711
8000 8001
7382 7383
1130 1131
5727 5728
6395 6396
1272 1273
2759 2760
3275 3276
3680 3681
6877 6878
3368 3369
4730 4731
8108 8109
3571 3572
5551 5552
7201 7202
5935 5936
2616 2617
9056 9057
4369 4370
3318 3319
2809 2810
7152 7153
8260 8261
8018 8019
8735 8736
4583 4584
8612 8613
1873 1874
3923 3924
6089 6090
742 743
9263 9264
5049 5050
4754 4755
5487 5488
599 600
144 145
3897 3898
6273 6274
3611 3612
1179 1180
2673 2674
1878 1879
6986 6987
5056 5057
9361 9362
2330 2331
5746 5747
2199 2200
5079 5080
3820 3821
5729 5730
9588 9589
2694 2695
7793 7794
3872 3873
2229 2230
9021 9022
4266 4267
833 834
1117 1118
905 906
8283 8284
4632 4633
9991 9992
1438 1439
9421 9422
5067 5068
2146 2147
3227 3228
6644 6645
5994 5995
6007 6008
160 161
8593 8594
3542 3543
3345 3346
6071 6072
1176 1177
4799 4800
6306 6307
2579 2580
389 390
9217 9218
8077 8078
7059 7060
5852 5853
6117 6118
3193 3194
2533 2534
3769 3770
405 406
6976 6977
1255 1256
7871 7872
8492 8493
5281 5282
4467 4468
4794 4795
5394 5395
7561 7562
9818 9819
4164 4165
1066 1067
3788 3789
3610 3611
6414 6415
4857 4858
5275 5276
4756 4757
3220 3221
1500 1501
2811 2812
1704 1705
1565 1566
8270 8271
6406 6407
724 725
4522 4523
9720 9721
968 969
1047 1048
8194 8195
6932 6933
370 371
5371 5372
1365 1366
760 761
1489 1490
7734 7735
7438 7439
63 64
317 318
3441 3442
6894 6895
116 117
5028 5029
9466 9467
20 21
5748 5749
9395 9396
6680 6681
4035 4036
8677 8678
8069 8070
3397 3398
1662 1663
7427 7428
4147 4148
1626 1627
4087 4088
9856 9857
7865 7866
2083 2084
8936 8937
9839 9840
9394 9395
4442 4443
41 42
9560 9561
6229 6230
9688 9689
6570 6571
2790 2791
7776 7777
6593 6594
3627 3628
3018 3019
324 325
4480 4481
3592 3593
9218 9219
440 441
958 959
780 781
4500 4501
6212 6213
6841 6842
1970 1971
402 403
4720 4721
8494 8495
4168 4169
6307 6308
9079 9080
6125 6126
3221 3222
8401 8402
9294 9295
4443 4444
3354 3355
4483 4484
5085 5086
6263 6264
2644 2645
3068 3069
6206 6207
9293 9294
3399 3400
6902 6903
9980 9981
4732 4733
1613 1614
299 300
5108 5109
5770 5771
197 198
7794 7795
3042 3043
8514 8515
8918 8919
9196 9197
542 543
6250 6251
9307 9308
6410 6411
8974 8975
9973 9974
5654 5655
4773 4774
4236 4237
8252 8253
6678 6679
2165 2166
3021 3022
5288 5289
2267 2268
1067 1068
501 502
274 275
2245 2246
5382 5383
6943 6944
6282 6283
7712 7713
7815 7816
7564 7565
7511 7512
5155 5156
716 717
7185 7186
9048 9049
8704 8705
8493 8494
1503 1504
354 355
8378 8379
5254 5255
4128 4129
3889 3890
8803 8804
7246 7247
8437 8438
2134 2135
8620 8621
4169 4170
2316 2317
5356 5357
3005 3006
6853 6854
4596 4597
8702 8703
8444 8445
9119 9120
8125 8126
8658 8659
8313 8314
7332 7333
6700 6701
9387 9388
5719 5720
4235 4236
7314 7315
7148 7149
4371 4372
4945 4946
9210 9211
1716 1717
6745 6746
7138 7139
2986 2987
4766 4767
750 751
3762 3763
7091 7092
6353 6354
8275 8276
4608 4609
4874 4875
91 92
7227 7228
3693 3694
4628 4629
7585 7586
57 58
3285 3286
8706 8707
884 885
3350 3351
2203 2204
4262 4263
3775 3776
9310 9311
2815 2816
4603 4604
5368 5369
2054 2055
3700 3701
1698 1699
9077 9078
8067 8068
1433 1434
8152 8153
2444 2445
7240 7241
7168 7169
6128 6129
2949 2950
2215 2216
5865 5866
1125 1126
7931 7932
3547 3548
7112 7113
8336 8337
827 828
3980 3981
9331 9332
1722 1723
2163 2164
8789 8790
6525 6526
9212 9213
6797 6798
5552 5553
1409 1410
7230 7231
7187 7188
8019 8020
2113 2114
426 427
6705 6706
9801 9802
8771 8772
4184 4185
3599 3600
6717 6718
3978 3979
8321 8322
3392 3393
9961 9962
901 902
1119 1120
2414 2415
9574 9575
1490 1491
7935 7936
5632 5633
9609 9610
6186 6187
7822 7823
1324 1325
7367 7368
812 813
9951 9952
9099 9100
2864 2865
2155 2156
2951 2952
2981 2982
1833 1834
744 745
2448 2449
9952 9953
8516 8517
4539 4540
3733 3734
7356 7357
1552 1553
306 307
5052 5053
678 679
5322 5323
6284 6285
5803 5804
4418 4419
5520 5521
2352 2353
9330 9331
8608 8609
7719 7720
5677 5678
7297 7298
7425 7426
6324 6325
2078 2079
8548 8549
3237 3238
7328 7329
6820 6821
8938 8939
6267 6268
8720 8721
8956 8957
7777 7778
5323 5324
5993 5994
3167 3168
8301 8302
924 925
5812 5813
1048 1049
1366 1367
5672 5673
9678 9679
9816 9817
656 657
2852 2853
2569 2570
5537 5538
4712 4713
1781 1782
4310 4311
1054 1055
4493 4494
3861 3862
5863 5864
8156 8157
634 635
9553 9554
5653 5654
1167 1168
5765 5766
1396 1397
9436 9437
6405 6406
6662 6663
8222 8223
8840 8841
5794 5795
296 297
4896 4897
1865 1866
8582 8583
6236 6237
5850 5851
5473 5474
4504 4505
7468 7469
3111 3112
2255 2256
9690 9691
929 930
9126 9127
318 319
8591 8592
1875 1876
4308 4309
7661 7662
3898 3899
4821 4822
3257 3258
9228 9229
8439 8440
1972 1973
6884 6885
5495 5496
4159 4160
9113 9114
558 559
2581 2582
1122 1123
2143 2144
28 29
6399 6400
9957 9958
2553 2554
8801 8802
3845 3846
1082 1083
9924 9925
4294 4295
7594 7595
1393 1394
5231 5232
7621 7622
1312 1313
3140 3141
5909 5910
3437 3438
4824 4825
6818 6819
9229 9230
9884 9885
2319 2320
8746 8747
9418 9419
6840 6841
7267 7268
7339 7340
6 7
7973 7974
2000 2001
2145 2146
2187 2188
736 737
1526 1527
7463 7464
4324 4325
4532 4533
8741 8742
4260 4261
2218 2219
7807 7808
416 417
454 455
8724 8725
2052 2053
5751 5752
3075 3076
8262 8263
6558 6559
5538 5539
7720 7721
5629 5630
895 896
6533 6534
6162 6163
3418 3419
9877 9878
5407 5408
562 563
2307 2308
7993 7994
1061 1062
7173 7174
8550 8551
7779 7780
248 249
5870 5871
5117 5118
378 379
2617 2618
8959 8960
5868 5869
8618 8619
9011 9012
8905 8906
8083 8084
4549 4550
3252 3253
5131 5132
3866 3867
5703 5704
7081 7082
187 188
1769 1770
9219 9220
3756 3757
5595 5596
2730 2731
1955 1956
5565 5566
8428 8429
3771 3772
478 479
8983 8984
7040 7041
7938 7939
2024 2025
6854 6855
4679 4680
815 816
2750 2751
881 882
8224 8225
1930 1931
8245 8246
5142 5143
6357 6358
9 10
4117 4118
2398 2399
7364 7365
3534 3535
5081 5082
5835 5836
8063 8064
6832 6833
8669 8670
3754 3755
6789 6790
4155 4156
7436 7437
5207 5208
2205 2206
7668 7669
5402 5403
7469 7470
5304 5305
496 497
593 594
7708 7709
508 509
32 33
3952 3953
4198 4199
7243 7244
6666 6667
1085 1086
5817 5818
6610 6611
6835 6836
6831 6832
6701 6702
5738 5739
6998 6999
6320 6321
7472 7473
2558 2559
6726 6727
5058 5059
390 391
857 858
3943 3944
7397 7398
3824 3825
7372 7373
6735 6736
4358 4359
3010 3011
6575 6576
5158 5159
2140 2141
686 687
9591 9592
9410 9411
1455 1456
8028 8029
1035 1036
6692 6693
1032 1033
458 459
8240 8241
3181 3182
4564 4565
2492 2493
3960 3961
3326 3327
4662 4663
9148 9149
5029 5030
9373 9374
9815 9816
3231 3232
4888 4889
2677 2678
3053 3054
1575 1576
9639 9640
6029 6030
6550 6551
5518 5519
127 128
4863 4864
9618 9619
5816 5817
5033 5034
6974 6975
5832 5833
4227 4228
1886 1887
2723 2724
3194 3195
9336 9337
9769 9770
7918 7919
6303 6304
5403 5404
1425 1426
5332 5333
2674 2675
8304 8305
5102 5103
2670 2671
1472 1473
9286 9287
6330 6331
3522 3523
9772 9773
5234 5235
4696 4697
8003 8004
375 376
1115 1116
5006 5007
897 898
9762 9763
6142 6143
9474 9475
1892 1893
9491 9492
5001 5002
4716 4717
3615 3616
101 102
4757 4758
977 978
6733 6734
1141 1142
2958 2959
31 32
1770 1771
4555 4556
9257 9258
2426 2427
7444 7445
9845 9846
5434 5435
3899 3900
6665 6666
8508 8509
2015 2016
2769 2770
1501 1502
1415 1416
5655 5656
1258 1259
1903 1904
3403 3404
5301 5302
4704 4705
8510 8511
9725 9726
627 628
4688 4689
2966 2967
8836 8837
4276 4277
9530 9531
1642 1643
2018 2019
5839 5840
8828 8829
3496 3497
5445 5446
1153 1154
1939 1940
892 893
6030 6031
8805 8806
5891 5892
5045 5046
728 729
3582 3583
70 71
7907 7908
6183 6184
1706 1707
7115 7116
5908 5909
4495 4496
9420 9421
8601 8602
5335 5336
6241 6242
5907 5908
5457 5458
1259 1260
9789 9790
2754 2755
7442 7443
8271 8272
3146 3147
7729 7730
9285 9286
2050 2051
6085 6086
1682 1683
4189 4190
9608 9609
2816 2817
9559 9560
2897 2898
3707 3708
1774 1775
2780 2781
4323 4324
9923 9924
2979 2980
3749 3750
9449 9450
8079 8080
320 321
2423 2424
5900 5901
2040 2041
1024 1025
8653 8654
9736 9737
2356 2357
7465 7466
3295 3296
9529 9530
3691 3692
6850 6851
6435 6436
5178 5179
3993 3994
4193 4194
7654 7655
8988 8989
6131 6132
4174 4175
2303 2304
1839 1840
180 181
4605 4606
9103 9104
4013 4014
4919 4920
5005 5006
4024 4025
7454 7455
3910 3911
8581 8582
7701 7702
1286 1287
9243 9244
6228 6229
6356 6357
1196 1197
5228 5229
9050 9051
8347 8348
2587 2588
8023 8024
4775 4776
186 187
8733 8734
3063 3064
2714 2715
8874 8875
4975 4976
7193 7194
8318 8319
2678 2679
3711 3712
1604 1605
6087 6088
9400 9401
2519 2520
3296 3297
3927 3928
195 196
2293 2294
3356 3357
9682 9683
7163 7164
9124 9125
3890 3891
7547 7548
3149 3150
9408 9409
5546 5547
2824 2825
995 996
7304 7305
6402 6403
6619 6620
1874 1875
8711 8712
9938 9939
3376 3377
203 204
505 506
5 6
4076 4077
1568 1569
9601 9602
9667 9668
3453 3454
3640 3641
5424 5425
3683 3684
891 892
5684 5685
9143 9144
5063 5064
2822 2823
3035 3036
2243 2244
7222 7223
3992 3993
5831 5832
3800 3801
2709 2710
7194 7195
4293 4294
6152 6153
2854 2855
9138 9139
1377 1378
2772 2773
108 109
7521 7522
4460 4461
371 372
4899 4900
9283 9284
4186 4187
8679 8680
1432 1433
4848 4849
9887 9888
9481 9482
4175 4176
7032 7033
3048 3049
9766 9767
621 622
5887 5888
752 753
7180 7181
1885 1886
5820 5821
2594 2595
6632 6633
814 815
5036 5037
239 240
6010 6011
1194 1195
9541 9542
838 839
2996 2997
8106 8107
3737 3738
663 664
2122 2123
4656 4657
9704 9705
6026 6027
8058 8059
235 236
5202 5203
3789 3790
689 690
1051 1052
9773 9774
2474 2475
6785 6786
9446 9447
2063 2064
7526 7527
829 830
3185 3186
9320 9321
6270 6271
5241 5242
5111 5112
8204 8205
2197 2198
6184 6185
3226 3227
3258 3259
8830 8831
1998 1999
9965 9966
7817 7818
5136 5137
4357 4358
1384 1385
7494 7495
3307 3308
1909 1910
5636 5637
8122 8123
1030 1031
1807 1808
410 411
9640 9641
2070 2071
3267 3268
6552 6553
646 647
2906 2907
7305 7306
1643 1644
7581 7582
3282 3283
1403 1404
5529 5530
1204 1205
9594 9595
2411 2412
6237 6238
4204 4205
6438 6439
5824 5825
207 208
3739 3740
9544 9545
5115 5116
3062 3063
7932 7933
1208 1209
8199 8200
726 727
8361 8362
1341 1342
5353 5354
8949 8950
6867 6868
1386 1387
6576 6577
2106 2107
8246 8247
3334 3335
7852 7853
6703 6704
7814 7815
4666 4667
9388 9389
7582 7583
8041 8042
6501 6502
3836 3837
3675 3676
9992 9993
5153 5154
8253 8254
6016 6017
4182 4183
6397 6398
7969 7970
4963 4964
8166 8167
4800 4801
5561 5562
2829 2830
7139 7140
9590 9591
4947 4948
6086 6087
8820 8821
3469 3470
3197 3198
6480 6481
1214 1215
5879 5880
9030 9031
9917 9918
3654 3655
2624 2625
9447 9448
3433 3434
9796 9797
4197 4198
4966 4967
9869 9870
2231 2232
9391 9392
8355 8356
6069 6070
5098 5099
4301 4302
5211 5212
9532 9533
5295 5296
7771 7772
377 378
8884 8885
9128 9129
7835 7836
4027 4028
3570 3571
6496 6497
2851 2852
6038 6039
2657 2658
8521 8522
8450 8451
2306 2307
9550 9551
514 515
3485 3486
5742 5743
6671 6672
6313 6314
1829 1830
1517 1518
596 597
2681 2682
7602 7603
4653 4654
4703 4704
1328 1329
2470 2471
5768 5769
4922 4923
9623 9624
4573 4574
7062 7063
8004 8005
1459 1460
6079 6080
1958 1959
6724 6725
6787 6788
719 720
8926 8927
7495 7496
8635 8636
307 308
73 74
6157 6158
9185 9186
2591 2592
5929 5930
8030 8031
3853 3854
2365 2366
4842 4843
1846 1847
249 250
9489 9490
9298 9299
3792 3793
4928 4929
5472 5473
6066 6067
8943 8944
6232 6233
4484 4485
8072 8073
649 650
8546 8547
1639 1640
6095 6096
7448 7449
7808 7809
4981 4982
5761 5762
3857 3858
7699 7700
2812 2813
7731 7732
5965 5966
7544 7545
1404 1405
3216 3217
9792 9793
9464 9465
8310 8311
8530 8531
2805 2806
7925 7926
3440 3441
7580 7581
5866 5867
4576 4577
3561 3562
6834 6835
1152 1153
1076 1077
525 526
9657 9658
3725 3726
3681 3682
8595 8596
6296 6297
4955 4956
7527 7528
8686 8687
9881 9882
4680 4681
3123 3124
7528 7529
3170 3171
7890 7891
5759 5760
9069 9070
5506 5507
225 226
2927 2928
6439 6440
9167 9168
572 573
8317 8318
9426 9427
1071 1072
9948 9949
3294 3295
4790 4791
3455 3456
8052 8053
2439 2440
3550 3551
7830 7831
7450 7451
4139 4140
9193 9194
4613 4614
1437 1438
2234 2235
5501 5502
9109 9110
2088 2089
5389 5390
3832 3833
6633 6634
2631 2632
2827 2828
7128 7129
1943 1944
76 77
7022 7023
5255 5256
7584 7585
5441 5442
9097 9098
8794 8795
7487 7488
9006 9007
7085 7086
8478 8479
2321 2322
5488 5489
798 799
3448 3449
9252 9253
7819 7820
9966 9967
8323 8324
4525 4526
5706 5707
2030 2031
2257 2258
129 130
2560 2561
2206 2207
821 822
1741 1742
2901 2902
2340 2341
1256 1257
2837 2838
1370 1371
444 445
1822 1823
1589 1590
6133 6134
3470 3471
5246 5247
5591 5592
1580 1581
1279 1280
4461 4462
3224 3225
2323 2324
7801 7802
7070 7071
4995 4996
982 983
6639 6640
3503 3504
8932 8933
5564 5565
8 9
163 164
928 929
5804 5805
7024 7025
9743 9744
7457 7458
2348 2349
9117 9118
8978 8979
951 952
9465 9466
7371 7372
6341 6342
8418 8419
2835 2836
8466 8467
5068 5069
1422 1423
2976 2977
9206 9207
6791 6792
6044 6045
9656 9657
9204 9205
7650 7651
5963 5964
2311 2312
6000 6001
1858 1859
8850 8851
6372 6373
6618 6619
1155 1156
6851 6852
8730 8731
3816 3817
5026 5027
784 785
1481 1482
2547 2548
6549 6550
5444 5445
2971 2972
8848 8849
6577 6578
6642 6643
9335 9336
2071 2072
3974 3975
7828 7829
1607 1608
577 578
1414 1415
530 531
8955 8956
3687 3688
8901 8902
8026 8027
6918 6919
2911 2912
3552 3553
8430 8431
4214 4215
999 1000
340 341
2658 2659
4890 4891
791 792
8984 8985
5244 5245
9220 9221
8732 8733
5697 5698
7812 7813
5200 5201
9959 9960
5530 5531
8217 8218
7030 7031
8976 8977
7415 7416
156 157
3152 3153
1815 1816
6512 6513
9857 9858
221 222
8131 8132
9878 9879
4562 4563
102 103
8259 8260
6607 6608
9586 9587
6731 6732
6223 6224
1281 1282
200 201
509 510
9510 9511
7681 7682
6624 6625
2792 2793
2375 2376
8641 8642
8522 8523
3915 3916
4612 4613
9758 9759
7706 7707
7551 7552
4359 4360
5484 5485
9092 9093
2141 2142
9566 9567
605 606
4367 4368
6741 6742
241 242
7519 7520
23 24
9188 9189
7795 7796
1211 1212
4364 4365
8045 8046
1477 1478
5923 5924
7557 7558
4631 4632
9968 9969
2434 2435
6904 6905
653 654
6068 6069
5177 5178
6426 6427
4989 4990
4454 4455
3317 3318
9435 9436
4199 4200
5836 5837
2993 2994
6448 6449
7986 7987
5446 5447
6224 6225
4407 4408
5314 5315
7105 7106
5645 5646
6239 6240
9415 9416
584 585
8021 8022
8081 8082
5754 5755
2252 2253
7769 7770
2249 2250
2687 2688
1647 1648
794 795
9971 9972
3518 3519
4132 4133
4634 4635
8775 8776
1844 1845
8425 8426
5648 5649
1961 1962
5351 5352
2459 2460
1353 1354
3211 3212
4457 4458
747 748
9422 9423
2400 2401
9555 9556
1266 1267
245 246
1009 1010
3786 3787
278 279
7092 7093
7697 7698
3121 3122
4710 4711
8512 8513
8585 8586
1413 1414
9921 9922
4084 4085
411 412
759 760
3370 3371
4331 4332
5623 5624
4173 4174
6338 6339
811 812
4249 4250
986 987
6526 6527
8890 8891
6078 6079
2227 2228
2240 2241
8142 8143
7334 7335
452 453
2873 2874
6482 6483
8384 8385
3016 3017
8623 8624
4225 4226
177 178
6629 6630
1524 1525
6686 6687
6656 6657
1717 1718
5147 5148
1379 1380
820 821
9714 9715
712 713
2727 2728
9572 9573
4531 4532
1444 1445
4924 4925
585 586
2967 2968
2079 2080
5769 5770
9337 9338
1701 1702
6674 6675
3870 3871
4178 4179
3428 3429
7596 7597
6588 6589
1714 1715
9012 9013
6801 6802
6392 6393
594 595
8776 8777
1052 1053
232 233
2045 2046
4496 4497
3332 3333
7458 7459
1488 1489
154 155
9871 9872
2138 2139
384 385
3410 3411
2334 2335
2938 2939
4971 4972
692 693
4911 4912
3398 3399
2686 2687
5885 5886
107 108
7894 7895
7278 7279
1761 1762
2549 2550
2748 2749
9155 9156
3176 3177
418 419
6740 6741
2747 2748
2148 2149
6688 6689
6521 6522
106 107
7782 7783
9175 9176
6685 6686
7971 7972
3001 3002
7606 7607
3560 3561
3999 4000
2487 2488
9431 9432
8690 8691
8211 8212
1802 1803
3604 3605
50 51
2016 2017
5421 5422
6138 6139
7235 7236
3019 3020
2953 2954
1738 1739
7393 7394
8637 8638
5533 5534
7037 7038
4075 4076
7238 7239
7803 7804
3014 3015
3178 3179
4019 4020
5825 5826
7167 7168
7435 7436
7051 7052
2865 2866
7221 7222
730 731
3636 3637
7695 7696
671 672
9121 9122
233 234
4711 4712
7646 7647
5494 5495
4619 4620
9104 9105
9065 9066
1263 1264
1083 1084
2004 2005
7233 7234
5927 5928
3066 3067
2924 2925
5700 5701
5705 5706
6762 6763
5749 5750
8326 8327
1711 1712
4445 4446
5682 5683
638 639
5548 5549
8683 8684
6759 6760
2005 2006
5696 5697
7714 7715
6111 6112
7414 7415
9585 9586
8226 8227
3372 3373
4334 4335
9643 9644
9535 9536
4908 4909
6637 6638
8340 8341
3055 3056
6871 6872
5500 5501
1057 1058
7690 7691
8333 8334
3488 3489
2773 2774
8338 8339
6689 6690
8707 8708
5436 5437
8515 8516
3150 3151
5201 5202
7689 7690
420 421
5051 5052
9734 9735
9326 9327
1823 1824
4219 4220
9764 9765
2898 2899
9433 9434
6968 6969
9716 9717
6355 6356
4540 4541
9644 9645
6581 6582
5262 5263
6560 6561
4638 4639
7281 7282
9511 9512
1192 1193
4503 4504
1520 1521
2222 2223
1550 1551
6335 6336
1803 1804
7721 7722
9500 9501
4356 4357
4471 4472
6164 6165
9752 9753
966 967
3826 3827
1274 1275
1694 1695
5311 5312
2861 2862
9963 9964
4850 4851
4572 4573
4882 4883
4707 4708
5414 5415
9663 9664
5372 5373
3139 3140
8382 8383
4245 4246
6467 6468
7945 7946
6944 6945
1038 1039
8055 8056
4750 4751
6434 6435
5432 5433
5848 5849
5691 5692
1619 1620
1189 1190
8257 8258
4340 4341
5583 5584
4559 4560
6468 6469
2817 2818
7693 7694
8013 8014
3674 3675
5988 5989
3205 3206
7475 7476
7789 7790
3133 3134
6268 6269
1881 1882
8655 8656
9847 9848
9617 9618
6023 6024
269 270
6050 6051
18 19
3409 3410
6936 6937
961 962
2643 2644
5463 5464
2987 2988
8742 8743
3430 3431
6256 6257
2300 2301
86 87
4319 4320
5740 5741
5236 5237
4861 4862
1129 1130
5293 5294
5882 5883
6963 6964
4846 4847
7391 7392
3568 3569
9728 9729
9086 9087
9692 9693
1137 1138
2532 2533
3631 3632
7524 7525
5419 5420
9013 9014
3931 3932
6511 6512
7462 7463
9497 9498
1173 1174
4252 4253
1464 1465
7121 7122
5169 5170
1216 1217
4930 4931
4054 4055
6985 6986
3603 3604
1199 1200
4825 4826
6417 6418
2627 2628
3719 3720
209 210
7824 7825
6885 6886
1625 1626
5374 5375
2939 2940
6574 6575
3100 3101
4659 4660
4885 4886
520 521
4940 4941
8643 8644
3919 3920
6755 6756
7760 7761
9203 9204
9852 9853
5981 5982
866 867
5365 5366
1548 1549
170 171
5404 5405
1696 1697
7854 7855
4427 4428
5874 5875
3746 3747
6773 6774
2496 2497
6792 6793
9347 9348
510 511
9279 9280
5082 5083
1677 1678
9729 9730
5106 5107
3932 3933
2940 2941
5266 5267
9171 9172
7250 7251
5744 5745
8394 8395
8904 8905
5528 5529
9007 9008
6488 6489
6283 6284
5282 5283
1861 1862
1134 1135
3188 3189
2201 2202
3309 3310
321 322
4408 4409
6277 6278
2634 2635
8388 8389
5707 5708
4844 4845
9516 9517
5258 5259
7662 7663
7042 7043
3912 3913
6994 6995
6171 6172
8472 8473
2436 2437
3278 3279
6191 6192
5007 5008
5291 5292
147 148
4736 4737
3232 3233
2845 2846
1131 1132
1521 1522
492 493
6122 6123
8427 8428
2888 2889
9401 9402
4192 4193
2668 2669
5856 5857
8851 8852
3811 3812
3077 3078
6925 6926
7966 7967
3939 3940
4956 4957
1742 1743
9813 9814
7440 7441
1676 1677
8607 8608
856 857
2014 2015
4967 4968
3338 3339
4152 4153
5695 5696
8579 8580
800 801
6352 6353
795 796
7513 7514
860 861
3963 3964
2320 2321
6291 6292
1011 1012
7206 7207
8371 8372
8169 8170
8987 8988
5517 5518
3509 3510
4700 4701
1891 1892
4595 4596
8291 8292
7607 7608
8200 8201
4767 4768
4715 4716
381 382
6376 6377
6244 6245
9402 9403
4007 4008
2542 2543
7236 7237
4389 4390
2697 2698
2387 2388
4698 4699
93 94
9711 9712
8832 8833
479 480
2801 2802
9245 9246
2039 2040
6654 6655
1065 1066
2566 2567
2908 2909
2010 2011
7191 7192
6497 6498
1805 1806
3235 3236
4944 4945
8990 8991
4045 4046
3468 3469
6314 6315
2427 2428
885 886
4232 4233
6828 6829
837 838
9107 9108
2514 2515
1002 1003
983 984
4478 4479
3692 3693
3642 3643
9230 9231
8897 8898
3362 3363
1161 1162
8400 8401
4106 4107
3420 3421
310 311
8158 8159
5465 5466
6194 6195
3175 3176
4898 4899
2204 2205
826 827
954 955
9810 9811
2663 2664
2836 2837
2779 2780
3908 3909
7197 7198
6466 6467
2847 2848
2684 2685
3523 3524
7075 7076
7631 7632
7726 7727
2066 2067
1140 1141
382 383
9355 9356
8517 8518
6814 6815
5732 5733
1351 1352
7361 7362
6257 6258
2048 2049
5010 5011
4600 4601
3524 3525
6910 6911
2404 2405
6305 6306
4648 4649
6928 6929
6562 6563
401 402
2497 2498
2274 2275
5306 5307
3778 3779
7900 7901
9705 9706
4892 4893
9453 9454
251 252
4575 4576
4376 4377
4889 4890
8124 8125
1015 1016
6429 6430
5128 5129
6799 6800
3784 3785
4976 4977
5386 5387
9883 9884
9723 9724
4239 4240
1678 1679
5080 5081
6334 6335
4177 4178
1297 1298
1973 1974
981 982
192 193
5475 5476
7664 7665
119 120
2611 2612
1616 1617
5252 5253
5090 5091
8381 8382
1578 1579
3626 3627
7020 7021
7272 7273
4755 4756
7352 7353
1373 1374
3717 3718
7859 7860
753 754
2333 2334
4365 4366
7921 7922
2086 2087
6118 6119
8598 8599
1651 1652
4917 4918
6242 6243
7433 7434
3322 3323
9706 9707
6404 6405
466 467
8523 8524
4610 4611
7836 7837
1814 1815
3215 3216
4107 4108
6855 6856
5448 5449
5889 5890
7728 7729
2101 2102
6983 6984
4341 4342
6612 6613
1539 1540
5477 5478
5206 5207
4752 4753
4982 4983
6753 6754
2105 2106
292 293
9962 9963
4020 4021
942 943
8292 8293
1954 1955
9775 9776
6018 6019
9498 9499
7560 7561
7766 7767
2394 2395
7088 7089
5990 5991
7192 7193
4529 4530
3671 3672
1515 1516
7460 7461
2332 2333
893 894
8483 8484
616 617
4906 4907
850 851
3292 3293
1213 1214
5212 5213
2752 2753
7249 7250
6150 6151
9082 9083
2928 2929
1718 1719
1690 1691
4250 4251
581 582
5310 5311
910 911
6437 6438
8644 8645
9216 9217
4350 4351
2485 2486
9250 9251
8187 8188
8050 8051
7165 7166
1479 1480
6401 6402
9367 9368
8162 8163
6443 6444
772 773
5491 5492
6347 6348
11 12
2710 2711
2604 2605
5756 5757
8118 8119
2418 2419
4748 4749
1468 1469
3113 3114
3651 3652
6380 6381
1078 1079
9025 9026
146 147
8927 8928
1935 1936
9542 9543
6655 6656
3011 3012
624 625
4609 4610
2279 2280
7333 7334
2628 2629
1088 1089
2099 2100
3259 3260
5391 5392
9994 9995
2142 2143
4961 4962
3254 3255
9929 9930
6969 6970
5498 5499
5995 5996
1870 1871
4060 4061
4435 4436
1077 1078
6310 6311
4243 4244
1836 1837
8533 8534
365 366
9779 9780
7119 7120
7086 7087
6057 6058
8760 8761
8871 8872
8042 8043
4744 4745
956 957
546 547
9645 9646
985 986
2251 2252
1615 1616
969 970
1154 1155
4709 4710
8923 8924
6675 6676
1224 1225
4105 4106
5594 5595
4741 4742
7987 7988
1674 1675
5536 5537
2465 2466
349 350
4494 4495
98 99
5326 5327
1804 1805
2633 2634
3954 3955
9404 9405
2314 2315
8934 8935
4172 4173
3401 3402
7696 7697
7335 7336
8689 8690
2185 2186
8241 8242
493 494
8208 8209
229 230
1239 1240
8454 8455
8277 8278
9626 9627
6513 6514
5312 5313
4637 4638
9786 9787
1990 1991
3527 3528
5661 5662
9248 9249
666 667
664 665
8239 8240
2061 2062
3794 3795
651 652
7847 7848
3315 3316
5009 5010
4036 4037
2992 2993
2601 2602
4391 4392
5008 5009
7226 7227
670 671
1621 1622
9202 9203
5338 5339
7268 7269
1583 1584
6952 6953
7653 7654
3948 3949
8047 8048
7923 7924
4655 4656
4832 4833
1650 1651
2259 2260
3415 3416
9063 9064
112 113
5358 5359
5268 5269
9909 9910
4176 4177
1989 1990
3726 3727
2464 2465
8303 8304
1656 1657
5345 5346
8281 8282
4047 4048
345 346
1528 1529
2997 2998
3682 3683
5713 5714
5631 5632
1210 1211
9930 9931
5497 5498
1832 1833
6812 6813
8358 8359
6070 6071
1553 1554
8084 8085
5165 5166
215 216
3046 3047
4860 4861
1453 1454
6218 6219
4212 4213
6193 6194
5191 5192
7060 7061
9199 9200
5776 5777
1222 1223
8185 8186
7984 7985
9268 9269
9362 9363
83 84
8104 8105
845 846
3072 3073
89 90
3584 3585
2089 2090
4282 4283
2012 2013
5905 5906
707 708
5489 5490
7375 7376
6543 6544
2786 2787
7620 7621
8482 8483
7370 7371
7443 7444
745 746
6361 6362
9717 9718
5294 5295
3161 3162
7353 7354
8896 8897
9051 9052
8823 8824
1573 1574
580 581
2626 2627
8398 8399
7002 7003
997 998
2818 2819
2676 2677
4374 4375
8005 8006
5481 5482
9236 9237
4355 4356
2501 2502
49 50
6047 6048
8429 8430
4190 4191
8755 8756
1984 1985
5966 5967
4768 4769
219 220
5557 5558
3020 3021
7502 7503
5433 5434
7347 7348
4789 4790
8953 8954
7989 7990
7543 7544
5764 5765
1969 1970
1231 1232
8762 8763
3917 3918
7198 7199
2213 2214
234 235
9523 9524
9746 9747
8878 8879
9649 9650
1478 1479
7908 7909
9525 9526
6707 6708
6015 6016
535 536
9864 9865
2915 2916
4840 4841
6265 6266
7837 7838
3541 3542
7341 7342
261 262
1345 1346
45 46
1795 1796
9592 9593
7672 7673
5350 5351
538 539
2260 2261
8785 8786
8642 8643
9681 9682
8177 8178
9315 9316
4706 4707
4474 4475
5110 5111
1658 1659
8364 8365
524 525
6196 6197
5785 5786
9841 9842
1562 1563
8110 8111
7288 7289
4039 4040
9439 9440
9027 9028
5257 5258
3297 3298
8519 8520
8413 8414
2825 2826
3316 3317
5270 5271
7318 7319
9832 9833
984 985
7510 7511
6446 6447
9578 9579
5665 5666
1268 1269
7644 7645
2712 2713
1148 1149
7452 7453
391 392
945 946
8513 8514
2729 2730
515 516
5329 5330
6222 6223
7000 7001
1529 1530
6412 6413
2065 2066
5313 5314
7108 7109
4141 4142
1431 1432
4096 4097
4598 4599
9679 9680
290 291
5667 5668
8749 8750
8505 8506
2660 2661
178 179
7158 7159
6319 6320
9596 9597
6201 6202
9385 9386
9094 9095
2794 2795
2577 2578
4498 4499
3965 3966
7640 7641
7886 7887
2846 2847
3821 3822
5290 5291
3404 3405
8636 8637
1390 1391
5913 5914
5976 5977
7649 7650
2782 2783
5430 5431
2382 2383
8681 8682
3131 3132
9651 9652
4943 4944
7985 7986
69 70
5416 5417
2381 2382
3200 3201
5942 5943
9727 9728
7800 7801
2294 2295
3065 3066
5757 5758
737 738
9927 9928
9277 9278
8565 8566
3555 3556
5508 5509
9299 9300
1316 1317
6064 6065
3729 3730
5378 5379
2637 2638
9531 9532
7637 7638
5799 5800
9993 9994
5841 5842
3521 3522
6046 6047
4623 4624
5101 5102
213 214
1868 1869
7980 7981
4722 4723
8766 8767
9735 9736
4959 4960
2563 2564
1473 1474
84 85
5238 5239
2935 2936
5366 5367
1887 1888
3764 3765
8821 8822
7855 7856
3774 3775
5046 5047
1644 1645
2725 2726
5800 5801
2119 2120
887 888
5970 5971
3715 3716
6583 6584
5249 5250
4927 4928
1729 1730
5598 5599
7136 7137
6554 6555
6966 6967
4404 4405
5763 5764
6254 6255
3586 3587
8426 8427
1361 1362
3343 3344
7447 7448
7715 7716
8082 8083
5229 5230
5652 5653
9854 9855
9785 9786
3031 3032
9782 9783
5941 5942
1567 1568
6911 6912
1008 1009
6876 6877
2386 2387
1648 1649
9870 9871
2515 2516
4088 4089
4166 4167
5093 5094
5503 5504
3863 3864
2212 2213
9441 9442
8687 8688
5486 5487
5710 5711
1064 1065
5980 5981
9152 9153
9044 9045
5418 5419
1496 1497
5604 5605
294 295
1809 1810
8668 8669
941 942
9016 9017
2272 2273
9356 9357
2380 2381
882 883
1486 1487
631 632
5087 5088
979 980
3204 3205
7613 7614
8130 8131
7095 7096
3882 3883
412 413
1081 1082
5321 5322
8764 8765
5289 5290
1862 1863
9448 9449
5916 5917
6737 6738
5305 5306
347 348
9756 9757
3105 3106
3598 3599
5219 5220
1497 1498
7026 7027
8140 8141
9932 9933
423 424
559 560
97 98
1474 1475
3008 3009
1936 1937
5317 5318
2371 2372
6005 6006
7056 7057
4288 4289
4228 4229
22 23
1726 1727
3260 3261
4185 4186
3838 3839
4090 4091
9313 9314
3049 3050
6723 6724
2868 2869
4843 4844
3950 3951
1995 1996
5843 5844
2152 2153
6375 6376
9579 9580
5575 5576
2638 2639
7220 7221
2820 2821
5793 5794
8095 8096
183 184
6479 6480
8395 8396
8784 8785
2115 2116
6990 6991
1443 1444
1679 1680
8447 8448
109 110
6955 6956
9145 9146
9332 9333
1653 1654
785 786
2456 2457
9209 9210
7861 7862
7497 7498
8639 8640
700 701
165 166
9096 9097
1084 1085
9351 9352
6866 6867
214 215
7431 7432
6416 6417
4314 4315
3274 3275
9698 9699
7683 7684
2800 2801
6718 6719
3926 3927
7293 7294
8436 8437
5174 5175
7962 7963
2091 2092
7778 7779
8630 8631
5709 5710
4669 4670
5928 5929
1417 1418
2621 2622
3935 3936
4660 4661
8703 8704
2860 2861
7617 7618
1485 1486
3608 3609
7959 7960
8092 8093
4321 4322
5248 5249
3985 3986
6073 6074
854 855
9811 9812
1164 1165
7891 7892
1127 1128
4270 4271
5801 5802
3423 3424
7461 7462
5023 5024
5405 5406
305 306
5511 5512
7439 7440
355 356
2372 2373
3893 3894
9695 9696
5663 5664
7632 7633
3765 3766
8070 8071
2285 2286
5541 5542
7965 7966
8797 8798
3745 3746
5203 5204
8012 8013
1334 1335
786 787
5388 5389
7674 7675
4758 4759
3158 3159
8408 8409
6790 6791
569 570
9382 9383
212 213
4304 4305
2830 2831
5819 5820
3921 3922
1423 1424
9068 9069
9444 9445
5471 5472
7754 7755
3955 3956
3953 3954
4689 4690
7125 7126
5276 5277
9691 9692
9284 9285
9493 9494
4611 4612
684 685
9038 9039
5592 5593
9163 9164
1820 1821
2302 2303
9697 9698
6693 6694
7575 7576
6067 6068
8452 8453
2020 2021
1849 1850
3708 3709
4475 4476
9417 9418
1920 1921
6651 6652
1273 1274
1813 1814
8509 8510
1664 1665
9568 9569
9095 9096
4101 4102
3721 3722
8989 8990
8747 8748
4798 4799
2907 2908
2144 2145
9425 9426
6350 6351
6316 6317
9831 9832
8920 8921
8903 8904
657 658
1044 1045
5354 5355
3446 3447
6221 6222
2507 2508
8488 8489
4558 4559
2200 2201
6634 6635
3230 3231
1113 1114
4812 4813
5440 5441
2309 2310
9947 9948
6517 6518
7171 7172
2366 2367
1787 1788
5167 5168
5344 5345
1043 1044
6203 6204
8859 8860
808 809
3097 3098
9116 9117
417 418
2403 2404
6926 6927
8870 8871
4649 4650
2053 2054
5919 5920
6147 6148
8756 8757
6430 6431
3196 3197
3738 3739
1680 1681
1953 1954
8957 8958
2889 2890
467 468
4782 4783
1665 1666
7927 7928
3678 3679
2308 2309
9763 9764
53 54
3964 3965
5886 5887
5953 5954
3329 3330
5991 5992
9142 9143
955 956
8800 8801
7503 7504
7066 7067
6869 6870
9506 9507
5347 5348
9130 9131
9744 9745
8416 8417
9587 9588
915 916
267 268
1981 1982
3222 3223
9666 9667
9539 9540
4181 4182
7149 7150
5602 5603
3184 3185
8729 8730
5789 5790
3141 3142
4351 4352
7553 7554
8763 8764
8967 8968
511 512
3050 3051
6978 6979
3389 3390
9122 9123
1020 1021
1299 1300
5733 5734
9886 9887
2481 2482
7181 7182
516 517
5864 5865
6151 6152
2305 2306
1673 1674
8673 8674
29 30
518 519
9156 9157
5795 5796
5888 5889
6259 6260
2922 2923
4588 4589
2551 2552
6798 6799
4306 4307
5896 5897
6381 6382
5934 5935
7753 7754
5431 5432
1737 1738
4466 4467
3454 3455
4932 4933
990 991
2373 2374
7535 7536
2600 2601
5014 5015
1559 1560
7411 7412
4023 4024
614 615
3801 3802
5435 5436
5062 5063
4025 4026
126 127
7694 7695
5649 5650
293 294
6326 6327
1344 1345
7146 7147
1298 1299
2289 2290
8086 8087
8144 8145
8952 8953
9885 9886
7274 7275
8526 8527
7135 7136
9600 9601
3922 3923
4094 4095
2548 2549
8914 8915
9305 9306
4247 4248
7365 7366
967 968
8727 8728
2705 2706
5568 5569
9904 9905
6463 6464
3280 3281
9393 9394
2679 2680
8816 8817
16 17
3614 3615
783 784
5385 5386
4834 4835
8649 8650
877 878
6584 6585
1785 1786
5847 5848
8339 8340
6942 6943
5180 5181
8900 8901
9017 9018
3355 3356
6965 6966
3364 3365
7014 7015
9558 9559
7598 7599
6542 6543
6929 6930
7076 7077
1798 1799
5239 5240
8029 8030
4867 4868
5020 5021
3516 3517
4458 4459
2208 2209
7099 7100
9338 9339
1582 1583
9987 9988
776 777
4315 4316
2338 2339
2708 2709
1541 1542
7262 7263
3844 3845
5034 5035
8397 8398
2744 2745
3583 3584
6249 6250
7764 7765
763 764
246 247
326 327
3300 3301
4063 4064
5221 5222
6508 6509
7915 7916
9125 9126
5711 5712
1166 1167
3904 3905
9867 9868
5626 5627
6754 6755
6660 6661
1218 1219
1169 1170
1212 1213
8786 8787
2783 2784
2575 2576
12 13
9342 9343
8141 8142
9851 9852
6970 6971
1595 1596
9060 9061
1975 1976
2087 2088
1310 1311
8087 8088
9625 9626
6172 6173
9819 9820
5997 5998
1399 1400
5091 5092
5381 5382
8838 8839
5309 5310
1187 1188
8725 8726
1288 1289
2683 2684
694 695
9088 9089
9635 9636
7257 7258
409 410
3558 3559
6589 6590
6115 6116
2983 2984
7902 7903
3961 3962
5758 5759
6126 6127
6107 6108
6782 6783
9087 9088
9593 9594
5213 5214
7326 7327
613 614
134 135
4553 4554
6393 6394
1782 1783
8651 8652
1793 1794
5363 5364
4208 4209
5459 5460
8592 8593
2043 2044
2875 2876
1340 1341
3182 3183
449 450
5284 5285
7245 7246
8573 8574
8745 8746
188 189
5962 5963
30 31
9874 9875
7110 7111
2757 2758
1095 1096
3942 3943
582 583
4602 4603
7499 7500
7071 7072
8606 8607
5077 5078
697 698
8787 8788
2919 2920
9984 9985
9100 9101
911 912
7851 7852
2270 2271
6553 6554
2114 2115
3951 3952
5855 5856
6179 6180
8617 8618
540 541
836 837
3663 3664
33 34
6980 6981
8965 8966
8806 8807
5412 5413
5689 5690
7599 7600
4948 4949
71 72
5851 5852
4268 4269
9661 9662
507 508
7783 7784
7691 7692
9321 9322
9804 9805
4187 4188
7818 7819
3225 3226
7615 7616
1758 1759
4561 4562
2740 2741
6088 6089
7017 7018
6868 6869
7142 7143
8376 8377
7831 7832
3394 3395
6036 6037
1093 1094
9708 9709
5025 5026
359 360
2100 2101
4290 4291
8664 8665
6433 6434
8254 8255
6620 6621
7590 7591
5390 5391
1092 1093
7750 7751
2072 2073
6608 6609
4745 4746
4708 4709
7406 7407
9964 9965
2341 2342
7868 7869
8811 8812
9950 9951
3264 3265
3957 3958
2968 2969
2107 2108
9784 9785
5880 5881
4534 4535
1006 1007
612 613
7626 7627
8038 8039
9278 9279
2292 2293
9234 9235
8284 8285
3973 3974
4996 4997
816 817
237 238
2190 2191
8535 8536
5040 5041
5571 5572
1033 1034
9822 9823
6337 6338
2253 2254
9452 9453
43 44
1893 1894
4416 4417
4073 4074
4328 4329
8700 8701
1945 1946
190 191
5745 5746
2810 2811
1808 1809
9778 9779
1622 1623
5699 5700
4050 4051
1900 1901
8113 8114
2442 2443
7381 7382
2370 2371
5476 5477
8475 8476
662 663
4751 4752
667 668
3819 3820
4729 4730
7467 7468
9238 9239
485 486
8027 8028
1139 1140
2735 2736
8467 8468
5166 5167
9922 9923
4433 4434
4740 4741
3645 3646
9641 9642
1171 1172
4081 4082
2027 2028
443 444
7853 7854
5274 5275
539 540
6905 6906
9622 9623
7498 7499
6916 6917
7976 7977
9647 9648
8001 8002
5647 5648
8958 8959
2745 2746
8146 8147
75 76
4813 4814
5955 5956
6523 6524
630 631
8835 8836
3556 3557
2103 2104
5624 5625
586 587
8182 8183
5893 5894
8132 8133
5037 5038
5269 5270
9504 9505
4774 4775
9037 9038
8757 8758
4125 4126
3177 3178
7302 7303
2198 2199
2909 2910
9833 9834
3080 3081
1991 1992
9731 9732
3132 3133
295 296
1974 1975
5149 5150
2241 2242
8421 8422
7279 7280
8902 8903
2887 2888
2181 2182
8173 8174
2390 2391
1039 1040
1792 1793
9664 9665
2912 2913
1466 1467
9505 9506
6473 6474
830 831
9814 9815
8481 8482
1902 1903
9709 9710
4764 4765
4397 4398
5747 5748
2767 2768
5216 5217
4968 4969
2732 2733
4455 4456
1963 1964
6659 6660
66 67
7258 7259
4451 4452
7292 7293
6295 6296
7405 7406
4006 4007
1363 1364
9569 9570
8203 8204
3078 3079
3223 3224
6411 6412
358 359
7113 7114
2236 2237
9078 9079
3776 3777
1436 1437
3054 3055
436 437
4226 4227
9003 9004
5617 5618
2622 2623
1112 1113
4137 4138
2534 2535
4097 4098
4691 4692
4366 4367
9634 9635
8375 8376
8893 8894
7939 7940
396 397
4116 4117
2701 2702
3489 3490
8818 8819
1757 1758
5555 5556
3780 3781
5849 5850
5576 5577
611 612
7586 7587
3243 3244
5123 5124
3759 3760
6213 6214
8423 8424
6045 6046
4569 4570
314 315
2771 2772
3793 3794
5148 5149
8404 8405
4170 4171
7223 7224
7080 7081
3092 3093
6260 6261
8024 8025
7492 7493
157 158
7587 7588
7687 7688
8540 8541
4161 4162
1636 1637
1419 1420
6989 6990
189 190
4325 4326
9178 9179
4627 4628
1523 1524
7609 7610
8066 8067
6573 6574
2219 2220
1993 1994
8981 8982
4158 4159
7858 7859
2328 2329
5466 5467
8402 8403
3513 3514
3114 3115
3210 3211
184 185
9309 9310
5877 5878
7867 7868
1623 1624
8781 8782
6453 6454
5845 5846
8873 8874
4089 4090
4760 4761
7369 7370
9825 9826
301 302
4742 4743
1720 1721
7838 7839
3772 3773
8726 8727
8238 8239
6299 6300
8115 8116
5556 5557
3030 3031
4431 4432
2841 2842
8736 8737
9928 9929
7975 7976
8680 8681
4043 4044
341 342
3949 3950
7269 7270
10 11
7844 7845
4643 4644
1888 1889
1056 1057
8813 8814
79 80
1534 1535
3557 3558
6012 6013
6279 6280
2588 2589
288 289
5977 5978
3245 3246
8930 8931
748 749
7823 7824
3386 3387
7084 7085
9260 9261
1705 1706
4684 4685
4878 4879
1669 1670
3144 3145
236 237
874 875
6530 6531
6032 6033
7360 7361
8695 8696
7357 7358
7380 7381
1378 1379
7199 7200
4034 4035
2802 2803
4604 4605
414 415
1017 1018
1699 1700
8114 8115
4977 4978
5333 5334
2508 2509
4151 4152
7298 7299
7546 7547
8645 8646
5027 5028
9158 9159
3537 3538
3137 3138
2002 2003
5328 5329
8910 8911
7202 7203
841 842
9757 9758
7217 7218
210 211
2653 2654
4620 4621
2630 2631
5811 5812
5490 5491
3041 3042
9379 9380
1317 1318
6548 6549
4556 4557
9430 9431
4879 4880
7464 7465
7501 7502
4614 4615
8159 8160
7344 7345
7709 7710
5954 5955
6708 6709
7834 7835
9471 9472
8356 8357
1649 1650
1708 1709
6084 6085
255 256
4645 4646
1976 1977
8143 8144
8155 8156
6774 6775
6348 6349
9249 9250
9195 9196
3027 3028
4396 4397
9606 9607
1264 1265
9289 9290
7117 7118
2654 2655
5796 5797
3588 3589
7480 7481
5904 5905
2589 2590
9173 9174
2435 2436
6101 6102
9653 9654
9276 9277
2955 2956
1788 1789
5873 5874
7170 7171
4499 4500
9597 9598
3438 3439
1421 1422
5447 5448
9737 9738
6365 6366
1721 1722
9902 9903
8790 8791
473 474
8197 8198
819 820
7153 7154
9999 0
3896 3897
8769 8770
9715 9716
5283 5284
1672 1673
8782 8783
5218 5219
300 301
3311 3312
636 637
9528 9529
4931 4932
3411 3412
9140 9141
6595 6596
1442 1443
1910 1911
4763 4764
2541 2542
6734 6735
9545 9546
4630 4631
6531 6532
5233 5234
5302 5303
367 368
472 473
3628 3629
571 572
7770 7771
2049 2050
2761 2762
5986 5987
8319 8320
8229 8230
8040 8041
9648 9649
8247 8248
952 953
5638 5639
2936 2937
4218 4219
6538 6539
7196 7197
6456 6457
9366 9367
9189 9190
7821 7822
9085 9086
9194 9195
680 681
5884 5885
8547 8548
8373 8374
5834 5835
5272 5273
7145 7146
7466 7467
7748 7749
1287 1288
1053 1054
3115 3116
2764 2765
598 599
766 767
61 62
2494 2495
8279 8280
9897 9898
161 162
3706 3707
6379 6380
1901 1902
5438 5439
8560 8561
2315 2316
9255 9256
6077 6078
3408 3409
2984 2985
2602 2603
2443 2444
9288 9289
7386 7387
9376 9377
1446 1447
9207 9208
7111 7112
1188 1189
1234 1235
8917 8918
3425 3426
6663 6664
9919 9920
4387 4388
6596 6597
1941 1942
4053 4054
4352 4353
7717 7718
2326 2327
1339 1340
6113 6114
5964 5965
6074 6075
488 489
2711 2712
9157 9158
1060 1061
1241 1242
545 546
1980 1981
6833 6834
7700 7701
273 274
4873 4874
4962 4963
1367 1368
553 554
7579 7580
839 840
1133 1134
7781 7782
3103 3104
5088 5089
7331 7332
8299 8300
5204 5205
1730 1731
4157 4158
608 609
2383 2384
6248 6249
7294 7295
8348 8349
9514 9515
9908 9909
1356 1357
8845 8846
4717 4718
677 678
8385 8386
3444 3445
8596 8597
1107 1108
9463 9464
6190 6191
6914 6915
8470 8471
35 36
2904 2905
369 370
4796 4797
8568 8569
9064 9065
8296 8297
738 739
3421 3422
5737 5738
6413 6414
9561 9562
988 989
139 140
8311 8312
5502 5503
1007 1008
6827 6828
1697 1698
5271 5272
5750 5751
7244 7245
8966 8967
7704 7705
873 874
3192 3193
1447 1448
5766 5767
705 706
6950 6951
3730 3731
3747 3748
3291 3292
687 688
6476 6477
5164 5165
9760 9761
4737 4738
9259 9260
3070 3071
1114 1115
8389 8390
1593 1594
4815 4816
1385 1386
6805 6806
6830 6831
7038 7039
9670 9671
2239 2240
1420 1421
3656 3657
4136 4137
4302 4303
5656 5657
8950 8951
2821 2822
6055 6056
428 429
7404 7405
8379 8380
5728 5729
6027 6028
9549 9550
1482 1483
2409 2410
5526 5527
8997 8998
6727 6728
7373 7374
1046 1047
7345 7346
8822 8823
6454 6455
9533 9534
8863 8864
3052 3053
145 146
4831 4832
1632 1633
3594 3595
9624 9625
4112 4113
376 377
7864 7865
9397 9398
5361 5362
2934 2935
5939 5940
1144 1145
1942 1943
8834 8835
5325 5326
9303 9304
6623 6624
5668 5669
904 905
8129 8130
4517 4518
5780 5781
54 55
864 865
9781 9782
8105 8106
7368 7369
840 841
5735 5736
6725 6726
142 143
971 972
9953 9954
6199 6200
8380 8381
8249 8250
3743 3744
461 462
993 994
1907 1908
8267 8268
7787 7788
6961 6962
868 869
1569 1570
5393 5394
2545 2546
7780 7781
309 310
4386 4387
1931 1932
4215 4216
6185 6186
4929 4930
9913 9914
6780 6781
3962 3963
8534 8535
5883 5884
7053 7054
1652 1653
4875 4876
6722 6723
8994 8995
448 449
5195 5196
1949 1950
916 917
6532 6533
6886 6887
1773 1774
329 330
5701 5702
4363 4364
3474 3475
4969 4970
9311 9312
5084 5085
8682 8683
9028 9029
5442 5443
8500 8501
527 528
1040 1041
6842 6843
1448 1449
6821 6822
7937 7938
7743 7744
2346 2347
1791 1792
9607 9608
8543 8544
7477 7478
2573 2574
1120 1121
3887 3888
9895 9896
9451 9452
3109 3110
6177 6178
2313 2314
2395 2396
523 524
3352 3353
7213 7214
5240 5241
7926 7927
575 576
5906 5907
4970 4971
3903 3904
863 864
4298 4299
9182 9183
9582 9583
807 808
7742 7743
8688 8689
8561 8562
3116 3117
9378 9379
3400 3401
3168 3169
2424 2425
2207 2208
9483 9484
9227 9228
6747 6748
7417 7418
1243 1244
1320 1321
5914 5915
3602 3603
8590 8591
3218 3219
5250 5251
1856 1857
7924 7925
3751 3752
4765 4766
8667 8668
7055 7056
7423 7424
4167 4168
2291 2292
6035 6036
987 988
2641 2642
8453 8454
5921 5922
4876 4877
640 641
7266 7267
388 389
8487 8488
6421 6422
6873 6874
2517 2518
9183 9184
8740 8741
5550 5551
7604 7605
2062 2063
9718 9719
6519 6520
6736 6737
4449 4450
5588 5589
7483 7484
3203 3204
6960 6961
8298 8299
2262 2263
2069 2070
6628 6629
4056 4057
4678 4679
903 904
9427 9428
8765 8766
6941 6942
2110 2111
9689 9690
2583 2584
4625 4626
6419 6420
450 451
7520 7521
8751 8752
4743 4744
7508 7509
4785 4786
9659 9660
1439 1440
7667 7668
9721 9722
9526 9527
2853 2854
3958 3959
7600 7601
4135 4136
3142 3143
4746 4747
348 349
8908 8909
1470 1471
6899 6900
4 5
4841 4842
964 965
6325 6326
8718 8719
7948 7949
5278 5279
3988 3989
5527 5528
4234 4235
4447 4448
9170 9171
5549 5550
9200 9201
5791 5792
9614 9615
3099 3100
9894 9895
2839 2840
1609 1610
5917 5918
5838 5839
1375 1376
9787 9788
9280 9281
3900 3901
5387 5388
7003 7004
529 530
3975 3976
8999 9000
9501 9502
9748 9749
5643 5644
7445 7446
4286 4287
4550 4551
172 173
740 741
9830 9831
1318 1319
1069 1070
7073 7074
247 248
8266 8267
6200 6201
7517 7518
9018 9019
1530 1531
8701 8702
5247 5248
2991 2992
3590 3591
2876 2877
105 106
7572 7573
8876 8877
2963 2964
5116 5117
5150 5151
25 26
4692 4693
7745 7746
7159 7160
3381 3382
5577 5578
8809 8810
7046 7047
226 227
8458 8459
9265 9266
6712 6713
5377 5378
4230 4231
3319 3320
7635 7636
6816 6817
7870 7871
4140 4141
7566 7567
2590 2591
9977 9978
1661 1662
6822 6823
1732 1733
7289 7290
6082 6083
2652 2653
6459 6460
5097 5098
9780 9781
1968 1969
3748 3749
2202 2203
2576 2577
281 282
7698 7699
8332 8333
51 52
4333 4334
6874 6875
1537 1538
7785 7786
8433 8434
7377 7378
3390 3391
5861 5862
4570 4571
9275 9276
7888 7889
3859 3860
8399 8400
1080 1081
823 824
2882 2883
2885 2886
7856 7857
2495 2496
9931 9932
6092 6093
8476 8477
6269 6270
6772 6773
2649 2650
5515 5516
8349 8350
9480 9481
943 944
6455 6456
2226 2227
1498 1499
1896 1897
503 504
5073 5074
2559 2560
9416 9417
4891 4892
1700 1701
953 954
7449 7450
7933 7934
9386 9387
5666 5667
4254 4255
4986 4987
1251 1252
7538 7539
6698 6699
4299 4300
1103 1104
6912 6913
1014 1015
238 239
3246 3247
9672 9673
7628 7629
3907 3908
4594 4595
939 940
7909 7910
9978 9979
5931 5932
661 662
6384 6385
3490 3491
810 811
8154 8155
4111 4112
2421 2422
4965 4966
364 365
9976 9977
4411 4412
7940 7941
312 313
3255 3256
7183 7184
2490 2491
9518 9519
1073 1074
4068 4069
1236 1237
6732 6733
6425 6426
948 949
9233 9234
8647 8648
4258 4259
6436 6437
7155 7156
67 68
6377 6378
7500 7501
5782 5783
6563 6564
9527 9528
610 611
1686 1687
3790 3791
2883 2884
9570 9571
7242 7243
8295 8296
5676 5677
2498 2499
1484 1485
9508 9509
6293 6294
179 180
7169 7170
398 399
4639 4640
6161 6162
1219 1220
3009 3010
5464 5465
6063 6064
4120 4121
3151 3152
5674 5675
4548 4549
5585 5586
9548 9549
2478 2479
6860 6861
7686 7687
7605 7606
5380 5381
2969 2970
1362 1363
3554 3555
3967 3968
6495 6496
4399 4400
6322 6323
2715 2716
2006 2007
675 676
4803 4804
7705 7706
756 757
8151 8152
5227 5228
1123 1124
7990 7991
1777 1778
906 907
6153 6154
544 545
1959 1960
1967 1968
6784 6785
1594 1595
297 298
8290 8291
2932 2933
6276 6277
6823 6824
3451 3452
4705 4706
563 564
5926 5927
718 719
5482 5483
5038 5039
9390 9391
6528 6529
2 3
1132 1133
3112 3113
8078 8079
2870 2871
3860 3861
782 783
567 568
3714 3715
1510 1511
7638 7639
6800 6801
6167 6168
7184 7185
7005 7006
528 529
3994 3995
1149 1150
2609 2610
7645 7646
2059 2060
2374 2375
9047 9048
4373 4374
768 769
92 93
9967 9968
8610 8611
9419 9420
2696 2697
9141 9142
8350 8351
6647 6648
1850 1851
2085 2086
9547 9548
2561 2562
2159 2160
9357 9358
7670 7671
9798 9799
2926 2927
3417 3418
2116 2117
1863 1864
4383 4384
9512 9513
787 788
9742 9743
4370 4371
4542 4543
9997 9998
4122 4123
5190 5191
1749 1750
9098 9099
9960 9961
5972 5973
280 281
4828 4829
6362 6363
44 45
1932 1933
3635 3636
6502 6503
7317 7318
1358 1359
552 553
8365 8366
4761 4762
5869 5870
4420 4421
2550 2551
4029 4030
7592 7593
3937 3938
8992 8993
284 285
7074 7075
7875 7876
5651 5652
6505 6506
4216 4217
1087 1088
7100 7101
4057 4058
6977 6978
7874 7875
1197 1198
4379 4380
872 873
4188 4189
259 260
7033 7034
1898 1899
1811 1812
5224 5225
3888 3889
8532 8533
5553 5554
6870 6871
4001 4002
9414 9415
5558 5559
7860 7861
2036 2037
7286 7287
6182 6183
992 993
1359 1360
6635 6636
5194 5195
1841 1842
9836 9837
2739 2740
7359 7360
5620 5621
5532 5533
517 518
959 960
7988 7989
2214 2215
2331 2332
5609 5610
2512 2513
7972 7973
3581 3582
1315 1316
8133 8134
1985 1986
1457 1458
3831 3832
7567 7568
1049 1050
932 933
7476 7477
8372 8373
7809 7810
8033 8034
9350 9351
2192 2193
115 116
4345 4346
7660 7661
8909 8910
5041 5042
5015 5016
9073 9074
8867 8868
3459 3460
3930 3931
1395 1396
4694 4695
7656 7657
8574 8575
5176 5177
8441 8442
1108 1109
938 939
3515 3516
8847 8848
4802 4803
1688 1689
6083 6084
1560 1561
3566 3567
3450 3451
8322 8323
7123 7124
7878 7879
9892 9893
8101 8102
6578 6579
5723 5724
2749 2750
3902 3903
4560 4561
9114 9115
1547 1548
8289 8290
9719 9720
5513 5514
8147 8148
4987 4988
4727 4728
39 40
8969 8970
1505 1506
8549 8550
8377 8378
6697 6698
3238 3239
2819 2820
2665 2666
7275 7276
9172 9173
3804 3805
2297 2298
173 174
4923 4924
8456 8457
1143 1144
6539 6540
556 557
2913 2914
6492 6493
6235 6236
7270 7271
9146 9147
896 897
3813 3814
8538 8539
9615 9616
6567 6568
1971 1972
5112 5113
3797 3798
7905 7906
5613 5614
8518 8519
3443 3444
1191 1192
5875 5876
5337 5338
8107 8108
104 105
5947 5948
5523 5524
1538 1539
9524 9525
8675 8676
9008 9009
4456 4457
9563 9564
8947 8948
3567 3568
4296 4297
3253 3254
6450 6451
2544 2545
7998 7999
6197 6198
3505 3506
3460 3461
2029 2030
1845 1846
5223 5224
2943 2944
1193 1194
7122 7123
2151 2152
2453 2454
3256 3257
9612 9613
6318 6319
579 580
1606 1607
8638 8639
723 724
2021 2022
2361 2362
2978 2979
7679 7680
5739 5740
4587 4588
3724 3725
5171 5172
7912 7913
550 551
1504 1505
3330 3331
6908 6909
323 324
9875 9876
4806 4807
5237 5238
6444 6445
9939 9940
158 159
8621 8622
8116 8117
9412 9413
7957 7958
4862 4863
372 373
1715 1716
2342 2343
9035 9036
9584 9585
8819 8820
8100 8101
7093 7094
3106 3107
506 507
8692 8693
2640 2641
5599 5600
4413 4414
285 286
9235 9236
4285 4286
5853 5854
9554 9555
4113 4114
2425 2426
5625 5626
2102 2103
8237 8238
8032 8033
7410 7411
1532 1533
7633 7634
2416 2417
4814 4815
682 683
8882 8883
8569 8570
5858 5859
8071 8072
330 331
302 303
8179 8180
7880 7881
4836 4837
6959 6960
5650 5651
3135 3136
171 172
3695 3696
9685 9686
4032 4033
5559 5560
4388 4389
8864 8865
6951 6952
3127 3128
1766 1767
7330 7331
8374 8375
6982 6983
1300 1301
3825 3826
3673 3674
8504 8505
7597 7598
9490 9491
435 436
6537 6538
573 574
3982 3983
4858 4859
2310 2311
7929 7930
9751 9752
3753 3754
3546 3547
8294 8295
849 850
5857 5858
8163 8164
9876 9877
6897 6898
4535 4536
537 538
8780 8781
3289 3290
8148 8149
8419 8420
6848 6849
1079 1080
1275 1276
3387 3388
8206 8207
3272 3273
2237 2238
4255 4256
1270 1271
3849 3850
5395 5396
8282 8283
2584 2585
7744 7745
2985 2986
2662 2663
5687 5688
8228 8229
4044 4045
3698 3699
266 267
1151 1152
8721 8722
7665 7666
244 245
5096 5097
8626 8627
133 134
3363 3364
2962 2963
7045 7046
870 871
6031 6032
9115 9116
1627 1628
5605 5606
1681 1682
7058 7059
6673 6674
7710 7711
1709 1710
8479 8480
2256 2257
3886 3887
122 123
704 705
4336 4337
8405 8406
9838 9839
2667 2668
3045 3046
4762 4763
8567 8568
9580 9581
4482 4483
5209 5210
6278 6279
6535 6536
9581 9582
3998 3999
6304 6305
469 470
5173 5174
1918 1919
2578 2579
282 283
3670 3671
2706 2707
622 623
4402 4403
1369 1370
2318 2319
2914 2915
9494 9495
7740 7741
6856 6857
8054 8055
7420 7421
6996 6997
9860 9861
6938 6939
1723 1724
3480 3481
2322 2323
121 122
7068 7069
3684 3685
5539 5540
4231 4232
7378 7379
6594 6595
2661 2662
980 981
3342 3343
5952 5953
6824 6825
8486 8487
8557 8558
6721 6722
8507 8508
7453 7454
9850 9851
5985 5986
9112 9113
8993 8994
4567 4568
5331 5332
6176 6177
3916 3917
7418 7419
5370 5371
9761 9762
1725 1726
7512 7513
4661 4662
5722 5723
4805 4806
2648 2649
5545 5546
1512 1513
4242 4243
7944 7945
6251 6252
52 53
8563 8564
14 15
6292 6293
4674 4675
3407 3408
5704 5705
7610 7611
6407 6408
3457 3458
2324 2325
4004 4005
2281 2282
7311 7312
888 889
8035 8036
6529 6530
8562 8563
7048 7049
2350 2351
909 910
4544 4545
3843 3844
3781 3782
4489 4490
9246 9247
947 948
7101 7102
2238 2239
1400 1401
8320 8321
4780 4781
9334 9335
1325 1326
6611 6612
3933 3934
1584 1585
4942 4943
6312 6313
1062 1063
6927 6928
7486 7487
2258 2259
3071 3072
6865 6866
4543 4544
3251 3252
7768 7769
7612 7613
9889 9890
8657 8658
8611 8612
8652 8653
1451 1452
7144 7145
561 562
2127 2128
8594 8595
9765 9766
4554 4555
7539 7540
5798 5799
72 73
9267 9268
620 621
4592 4593
861 862
8235 8236
8731 8732
9611 9612
9701 9702
7493 7494
7872 7873
6489 6490
674 675
9754 9755
4317 4318
303 304
7934 7935
1913 1914
4361 4362
3414 3415
7549 7550
6175 6176
6719 6720
3003 3004
137 138
6667 6668
3037 3038
5712 5713
8868 8869
5340 5341
7741 7742
8103 8104
8964 8965
7619 7620
8334 8335
7182 7183
7732 7733
9066 9067
8666 8667
2884 2885
8186 8187
2451 2452
9903 9904
3391 3392
7079 7080
9005 9006
8624 8625
5349 5350
484 485
3616 3617
4486 4487
9807 9808
8744 8745
554 555
3265 3266
7797 7798
668 669
322 323
2689 2690
2933 2934
672 673
9160 9161
9405 9406
5210 5211
4901 4902
9244 9245
6638 6639
5659 5660
8580 8581
2244 2245
6477 6478
6110 6111
2651 2652
1005 1006
8770 8771
4267 4268
6308 6309
9211 9212
7394 7395
735 736
8064 8065
5930 5931
797 798
7533 7534
5618 5619
8010 8011
6202 6203
3565 3566
4870 4871
4617 4618
9687 9688
5622 5623
6009 6010
257 258
6500 6501
1634 1635
9865 9866
9680 9681
9484 9485
7558 7559
9174 9175
5755 5756
8175 8176
9344 9345
4985 4986
7642 7643
1951 1952
1659 1660
1687 1688
1050 1051
7096 7097
3755 3756
7329 7330
4278 4279
6112 6113
2975 2976
6020 6021
149 150
8022 8023
6275 6276
8459 8460
8312 8313
3744 3745
9081 9082
2964 2965
4083 4084
6014 6015
8219 8220
1740 1741
1507 1508
9896 9897
4148 4149
9374 9375
1248 1249
8117 8118
4735 4736
1904 1905
3445 3446
7416 7417
9179 9180
3456 3457
5519 5520
2483 2484
9918 9919
2918 2919
7496 7497
8575 8576
2162 2163
4589 4590
8172 8173
3088 3089
1646 1647
4807 4808
9041 9042
6424 6425
3143 3144
4372 4373
1245 1246
1826 1827
2445 2446
9755 9756
7195 7196
5989 5990
9036 9037
4914 4915
3508 3509
4156 4157
9827 9828
6605 6606
2109 2110
2175 2176
2738 2739
494 495
5842 5843
6515 6516
8448 8449
1851 1852
3365 3366
2167 2168
2994 2995
6858 6859
7666 7667
1922 1923
5021 5022
8660 8661
1342 1343
6862 6863
368 369
5235 5236
8049 8050
8796 8797
9187 9188
9794 9795
644 645
8713 8714
5531 5532
7762 7763
531 532
5330 5331
7321 7322
3339 3340
5427 5428
343 344
4070 4071
9710 9711
1252 1253
7455 7456
1283 1284
8885 8886
4269 4270
7307 7308
1200 1201
7162 7163
6742 6743
9059 9060
4792 4793
5582 5583
4202 4203
120 121
6288 6289
5318 5319
6746 6747
1424 1425
5425 5426
7011 7012
6893 6894
4490 4491
7595 7596
3471 3472
647 648
2482 2483
9407 9408
2397 2398
822 823
2104 2105
3530 3531
9319 9320
4335 4336
2154 2155
1707 1708
5032 5033
2011 2012
6367 6368
4149 4150
1668 1669
8717 8718
8503 8504
4196 4197
1518 1519
4641 4642
7350 7351
9052 9053
8368 8369
7094 7095
6141 6142
3051 3052
557 558
3997 3998
6080 6081
6022 6023
9702 9703
3710 3711
5260 5261
265 266
914 915
3544 3545
7608 7609
9573 9574
1314 1315
8975 8976
1765 1766
4697 4698
2625 2626
2369 2370
4872 4873
5450 5451
2126 2127
4144 4145
434 435
6995 6996
476 477
3732 3733
2947 2948
1733 1734
2500 2501
2378 2379
9998 9999
7001 7002
6803 6804
8672 8673
2038 2039
3605 3606
4100 4101
332 333
9821 9822
6462 6463
5641 5642
3271 3272
3191 3192
6786 6787
2044 2045
8684 8685
8227 8228
3015 3016
1068 1069
6546 6547
6373 6374
7790 7791
4200 4201
5779 5780
2484 2485
3709 3710
6227 6228
6559 6560
8844 8845
6677 6678
4000 4001
8597 8598
7877 7878
5022 5023
4362 4363
3212 3213
2746 2747
3367 3368
4059 4060
2216 2217
9192 9193
3679 3680
3637 3638
5593 5594
5299 5300
9136 9137
82 83
7323 7324
2217 2218
741 742
2263 2264
5122 5123
7881 7882
451 452
9669 9670
1837 1838
8255 8256
8774 8775
5978 5979
3688 3689
5808 5809
7160 7161
1416 1417
9372 9373
0 1
5521 5522
64 65
6592 6593
7514 7515
2139 2140
5352 5353
6767 6768
5607 5608
8754 8755
8502 8503
8192 8193
5580 5581
2028 2029
4016 4017
6274 6275
9674 9675
5611 5612
263 264
3959 3960
3947 3948
1333 1334
1916 1917
828 829
8343 8344
2766 2767
118 119
2632 2633
5924 5925
327 328
3507 3508
3543 3544
3268 3269
743 744
7107 7108
2840 2841
3040 3041
5456 5457
5767 5768
9043 9044
8839 8840
2736 2737
9364 9365
2441 2442
2433 2434
3153 3154
2607 2608
3529 3530
6852 6853
6527 6528
1467 1468
6317 6318
7260 7261
3357 3358
8119 8120
2948 2949
2493 2494
2942 2943
9866 9867
5686 5687
8942 8943
5308 5309
5688 5689
4163 4164
3752 3753
9621 9622
8772 8773
148 149
5708 5709
4263 4264
7083 7084
9443 9444
5035 5036
5409 5410
2700 2701
6209 6210
1305 1306
289 290
8634 8635
6931 6932
5680 5681
7403 7404
4545 4546
1276 1277
9445 9446
5263 5264
6286 6287
1551 1552
6390 6391
6696 6697
5423 5424
1734 1735
2013 2014
7441 7442
3067 3068
1727 1728
1514 1515
4165 4166
240 241
654 655
7839 7840
204 205
1364 1365
6709 6710
6481 6482
2682 2683
5342 5343
2472 2473
276 277
7899 7900
9440 9441
9975 9976
8853 8854
4702 4703
2593 2594
2722 2723
6670 6671
7509 7510
4378 4379
4437 4438
201 202
8016 8017
3969 3970
9777 9778
6097 6098
2430 2431
2525 2526
7623 7624
99 100
3187 3188
5296 5297
9693 9694
2211 2212
5615 5616
2614 2615
4574 4575
2133 2134
4621 4622
6262 6263
5829 5830
9296 9297
9840 9841
6778 6779
7320 7321
198 199
9241 9242
8808 8809
2275 2276
8126 8127
7889 7890
6309 6310
642 643
9349 9350
9556 9557
4209 4210
1494 1495
8053 8054
7563 7564
2902 2903
778 779
2733 2734
6694 6695
110 111
9459 9460
9677 9678
1637 1638
1867 1868
8011 8012
6487 6488
5267 5268
2399 2400
2118 2119
2536 2537
8390 8391
804 805
9071 9072
940 941
5940 5941
2874 2875
3782 3783
4568 4569
6205 6206
4734 4735
3435 3436
4038 4039
2471 2472
4718 4719
8263 8264
9213 9214
3879 3880
7389 7390
8009 8010
5175 5176
7031 7032
3492 3493
1223 1224
7702 7703
5069 5070
5596 5597
7143 7144
3128 3129
5717 5718
4453 4454
7611 7612
2194 2195
8051 8052
4129 4130
8236 8237
446 447
7069 7070
153 154
7491 7492
6668 6669
5627 5628
433 434
5612 5613
8080 8081
4513 4514
7154 7155
9089 9090
2446 2447
6690 6691
4143 4144
7255 7256
7961 7962
6937 6938
2570 2571
6123 6124
7913 7914
8221 8222
6915 6916
7910 7911
4713 4714
6880 6881
739 740
5277 5278
8696 8697
9683 9684
4436 4437
6935 6936
5265 5266
9726 9727
9470 9471
3623 3624
2580 2581
4066 4067
260 261
1996 1997
1158 1159
4008 4009
3562 3563
8866 8867
1597 1598
8586 8587
176 177
6846 6847
623 624
475 476
7758 7759
4633 4634
9616 9617
7601 7602
8212 8213
4686 4687
4224 4225
1760 1761
1136 1137
5854 5855
1350 1351
464 465
5597 5598
898 899
8793 8794
3835 3836
399 400
7603 7604
5485 5486
3328 3329
8604 8605
3689 3690
1347 1348
7050 7051
3183 3184
6056 6057
394 395
8739 8740
9340 9341
4058 4059
1045 1046
3761 3762
2363 2364
3006 3007
2299 2300
1545 1546
9398 9399
8190 8191
5161 5162
8468 8469
2929 2930
1812 1813
9348 9349
3384 3385
8449 8450
2734 2735
8351 8352
6566 6567
1883 1884
9291 9292
7190 7191
8198 8199
3034 3035
1834 1835
806 807
7324 7325
6760 6761
5452 5453
4502 4503
4311 4312
902 903
2166 2167
9654 9655
6207 6208
3622 3623
2047 2048
6752 6753
7315 7316
7291 7292
2850 2851
6743 6744
3358 3359
3483 3484
8881 8882
383 384
8056 8057
6875 6876
7209 7210
6075 6076
7273 7274
2504 2505
6315 6316
8068 8069
5264 5265
1964 1965
6844 6845
481 482
8941 8942
2721 2722
1326 1327
2540 2541
262 263
3944 3945
673 674
1398 1399
8849 8850
2454 2455
604 605
879 880
500 501
4541 4542
9014 9015
3690 3691
3827 3828
1641 1642
1728 1729
4582 4583
2826 2827
4597 4598
13 14
2925 2926
217 218
3043 3044
1074 1075
1059 1060
6017 6018
3644 3645
4972 4973
4682 4683
4786 4787
6383 6384
3918 3919
8189 8190
931 932
6544 6545
8157 8158
8768 8769
1309 1310
607 608
6422 6423
7893 7894
9770 9771
1031 1032
8971 8972
4859 4860
4444 4445
813 814
2073 2074
8846 8847
6409 6410
5603 5604
6148 6149
2879 2880
5987 5988
5693 5694
1465 1466
6587 6588
603 604
1336 1337
7879 7880
4829 4830
8353 8354
1121 1122
2574 2575
5956 5957
2067 2068
6650 6651
6715 6716
6382 6383
894 895
1249 1250
3643 3644
8831 8832
2982 2983
2225 2226
4018 4019
3750 3751
3667 3668
2856 2857
4880 4881
9575 9576
339 340
7287 7288
3320 3321
9879 9880
4385 4386
7849 7850
1566 1567
1797 1798
3768 3769
8411 8412
7723 7724
2295 2296
3249 3250
2468 2469
2763 2764
6240 6241
2019 2020
7241 7242
5205 5206
7351 7352
3138 3139
5199 5200
1145 1146
1789 1790
6002 6003
1303 1304
7956 7957
6889 6890
8471 8472
8006 8007
4827 4828
2417 2418
2755 2756
141 142
1165 1166
6166 6167
5996 5997
5806 5807
6847 6848
243 244
5044 5045
4953 4954
5392 5393
8710 8711
937 938
1536 1537
9354 9355
3734 3735
1110 1111
7884 7885
3241 3242
8697 8698
6485 6486
2179 2180
2690 2691
6225 6226
5897 5898
3946 3947
587 588
3758 3759
7556 7557
9292 9293
5137 5138
7214 7215
495 496
483 484
4894 4895
2585 2586
4241 4242
9054 9055
9910 9911
2271 2272
5300 5301
8891 8892
7963 7964
9519 9520
2921 2922
2491 2492
2833 2834
3977 3978
3195 3196
2402 2403
1116 1117
8455 8456
4015 4016
9905 9906
2499 2500
6062 6063
7946 7947
8213 8214
4530 4531
4206 4207
4546 4547
3202 3203
765 766
8354 8355
4021 4022
3940 3941
7218 7219
8979 8980
4405 4406
3511 3512
710 711
669 670
5039 5040
4579 4580
6041 6042
460 461
5569 5570
7446 7447
3713 3714
3324 3325
2858 2859
6545 6546
174 175
6804 6805
3855 3856
7677 7678
761 762
1695 1696
9317 9318
6520 6521
2675 2676
3026 3027
6748 6749
7898 7899
1463 1464
7489 7490
920 921
2646 2647
3145 3146
5922 5923
2863 2864
7630 7631
7786 7787
9353 9354
4203 4204
8230 8231
6011 6012
8491 8492
3877 3878
9479 9480
7882 7883
4759 4760
6984 6985
1799 1800
1147 1148
5975 5976
2972 2973
4835 4836
3629 3630
7188 7189
8274 8275
3190 3191
1857 1858
1284 1285
8387 8388
15 16
5540 5541
8328 8329
6040 6041
3095 3096
7426 7427
5512 5513
5589 5590
1853 1854
602 603
3136 3137
4062 4063
8571 8572
3815 3816
5951 5952
408 409
8991 8992
9359 9360
6132 6133
7811 7812
1480 1481
1899 1900
7396 7397
6333 6334
8499 8500
211 212
3290 3291
9899 9900
7716 7717
6561 6562
5413 5414
2488 2489
5417 5418
4753 4754
2980 2981
2360 2361
3155 3156
1278 1279
3970 3971
8434 8435
1852 1853
6090 6091
2664 2665
3160 3161
6143 6144
4289 4290
7555 7556
773 774
665 666
683 684
781 782
350 351
6168 6169
4615 4616
7229 7230
9434 9435
7219 7220
7057 7058
5560 5561
9176 9177
7043 7044
9733 9734
8536 8537
2527 2528
3833 3834
5396 5397
3242 3243
921 922
3669 3670
7265 7266
691 692
2832 2833
3649 3650
1207 1208
4616 4617
3864 3865
2564 2565
2704 2705
5635 5636
4123 4124
9469 9470
2174 2175
7479 7480
8613 8614
2770 2771
6565 6566
1461 1462
9053 9054
5016 5017
1440 1441
2707 2708
5146 5147
7176 7177
1096 1097
6836 6837
8285 8286
5840 5841
935 936
6906 6907
7164 7165
2698 2699
3306 3307
2327 2328
9242 9243
7141 7142
6109 6110
5478 5479
754 755
8743 8744
2074 2075
8824 8825
8251 8252
3812 3813
2606 2607
8919 8920
4390 4391
3934 3935
6360 6361
5671 5672
9164 9165
3101 3102
2438 2439
1357 1358
9237 9238
3497 3498
8216 8217
1237 1238
970 971
4078 4079
1098 1099
703 704
1295 1296
1376 1377
8977 8978
2793 2794
2379 2380
4849 4850
8933 8934
8435 8436
9837 9838
4069 4070
695 696
5364 5365
2191 2192
7545 7546
925 926
1354 1355
3287 3288
9201 9202
6105 6106
26 27
5692 5693
9970 9971
4438 4439
8588 8589
1525 1526
7400 7401
5156 5157
9399 9400
2153 2154
1220 1221
7548 7549
3868 3869
9671 9672
2599 2600
5721 5722
1603 1604
1872 1873
4277 4278
601 602
6378 6379
7843 7844
2277 2278
6765 6766
8778 8779
568 569
3660 3661
4037 4038
3380 3381
4473 4474
4521 4522
7562 7563
7735 7736
6204 6205
5762 5763
6174 6175
9507 9508
1624 1625
3172 3173
5833 5834
4791 4792
6957 6958
5188 5189
5587 5588
2813 2814
1355 1356
4014 4015
792 793
3424 3425
3589 3590
9091 9092
4527 4528
3199 3200
2345 2346
1349 1350
1768 1769
1159 1160
7264 7265
7805 7806
6953 6954
8308 8309
6923 6924
8605 8606
333 334
4776 4777
1840 1841
3572 3573
4313 4314
2422 2423
8195 8196
588 589
5999 6000
4422 4423
8723 8724
1882 1883
1265 1266
7186 7187
2881 2882
6598 6599
3213 3214
6490 6491
36 37
4695 4696
8960 8961
9271 9272
6664 6665
1889 1890
7947 7948
6096 6097
8205 8206
1596 1597
6861 6862
9262 9263
3983 3984
7713 7714
268 269
9345 9346
789 790
2743 2744
1184 1185
7618 7619
2959 2960
3874 3875
2278 2279
6091 6092
8099 8100
6510 6511
4026 4027
7200 7201
9800 9801
3876 3877
8663 8664
1010 1011
2339 2340
4360 4361
6272 6273
8837 8838
6418 6419
6302 6303
6187 6188
6684 6685
9409 9410
2892 2893
8244 8245
8753 8754
3723 3724
6788 6789
5920 5921
834 835
9256 9257
3612 3613
3436 3437
9863 9864
9890 9891
6687 6688
5773 5774
7430 7431
3966 3967
4424 4425
6363 6364
2457 2458
1860 1861
4725 4726
2989 2990
991 992
7285 7286
5730 5731
793 794
6059 6060
432 433
9934 9935
6371 6372
9958 9959
9083 9084
3189 3190
5172 5173
5400 5401
8537 8538
7166 7167
3986 3987
4320 4321
835 836
3858 3859
7401 7402
681 682
7295 7296
6591 6592
8728 8729
9002 9003
1778 1779
9322 9323
5160 5161
5119 5120
9824 9825
3156 3157
5076 5077
7845 7846
5042 5043
9940 9941
5958 5959
2522 2523
7515 7516
5534 5535
8629 8630
591 592
24 25
4769 4770
2276 2277
2552 2553
4017 4018
3501 3502
2535 2536
2041 2042
6469 6470
2716 2717
2791 2792
9795 9796
4839 4840
6626 6627
8501 8502
5426 5427
5066 5067
4440 4441
1392 1393
8995 8996
4133 4134
2032 2033
8034 8035
7259 7260
8008 8009
5024 5025
8777 8778
2354 2355
1254 1255
2051 2052
1368 1369
6220 6221
1163 1164
2598 2599
5193 5194
3884 3885
7284 7285
254 255
4690 4691
2031 2032
9222 9223
1405 1406
5031 5032
258 259
1864 1865
4251 4252
597 598
3585 3586
2893 2894
2466 2467
711 712
693 694
8193 8194
9956 9957
1816 1817
2419 2420
4085 4086
4505 4506
6653 6654
8622 8623
7082 7083
2843 2844
1611 1612
9159 9160
9135 9136
6613 6614
9805 9806
2123 2124
6702 6703
5327 5328
2336 2337
6294 6295
3650 3651
3325 3326
62 63
3449 3450
9144 9145
4409 4410
3641 3642
3741 3742
4145 4146
7301 7302
1104 1105
2026 2027
5943 5944
7571 7572
7968 7969
4851 4852
4275 4276
3905 3906
4820 4821
3108 3109
3467 3468
1181 1182
9026 9027
1261 1262
6431 6432
9343 9344
7358 7359
2555 2556
5259 5260
1928 1929
37 38
8584 8585
6359 6360
8895 8896
8043 8044
8412 8413
1601 1602
519 520
1618 1619
7663 7664
5479 5480
9613 9614
6266 6267
1555 1556
1491 1492
5639 5640
413 414
6999 7000
8149 8150
996 997
8883 8884
3847 3848
9759 9760
8906 8907
5579 5580
7087 7088
4491 4492
8137 8138
4051 4052
8097 8098
8250 8251
8795 8796
8578 8579
7034 7035
4041 4042
2572 2573
7862 7863
181 182
5818 5819
8062 8063
5938 5939
8076 8077
3901 3902
5192 5193
3419 3420
6933 6934
379 380
4485 4486
2230 2231
386 387
8615 8616
7421 7422
6825 6826
676 677
6297 6298
1684 1685
2064 2065
6603 6604
6238 6239
6449 6450
8916 8917
944 945
4918 4919
6826 6827
338 339
3664 3665
626 627
8469 8470
2645 2646
4566 4567
3502 3503
2838 2839
7981 7982
2193 2194
4348 4349
456 457
2511 2512
2401 2402
2520 2521
80 81
7156 7157
4423 4424
344 345
3169 3170
1617 1618
497 498
1689 1690
7303 7304
6917 6918
9686 9687
3668 3669
3079 3080
9949 9950
4731 4732
767 768
